"",77.800
30.0000,0.0000E+000
31.0000,1.7191E+002
32.0000,1.7193E+002
33.0000,1.6894E+002
34.0000,1.7862E+002
35.0000,1.7545E+002
36.0000,1.7657E+002
37.0000,0.0000E+000
38.0000,0.0000E+000
39.0000,0.0000E+000
40.0000,0.0000E+000
41.0000,0.0000E+000
42.0000,0.0000E+000
43.0000,0.0000E+000
44.0000,0.0000E+000
45.0000,0.0000E+000
46.0000,0.0000E+000
47.0000,0.0000E+000
48.0000,0.0000E+000
49.0000,0.0000E+000
50.0000,0.0000E+000
51.0000,0.0000E+000
52.0000,0.0000E+000
53.0000,0.0000E+000
54.0000,0.0000E+000
55.0000,0.0000E+000
56.0000,0.0000E+000
57.0000,0.0000E+000
58.0000,0.0000E+000
59.0000,0.0000E+000
60.0000,0.0000E+000
61.0000,0.0000E+000
62.0000,0.0000E+000
63.0000,0.0000E+000
64.0000,0.0000E+000
65.0000,0.0000E+000
66.0000,0.0000E+000
67.0000,0.0000E+000
68.0000,2.3904E+002
69.0000,2.5934E+002
70.0000,2.4013E+002
71.0000,2.4801E+002
72.0000,2.6157E+002
73.0000,0.0000E+000
74.0000,0.0000E+000
75.0000,0.0000E+000
76.0000,0.0000E+000
77.0000,2.0916E+002
78.0000,2.2410E+002
79.0000,2.3007E+002
80.0000,2.5207E+002
81.0000,2.6380E+002
82.0000,2.4715E+002
83.0000,2.5076E+002
84.0000,2.4674E+002
85.0000,2.3777E+002
86.0000,2.6495E+002
87.0000,2.8101E+002
88.0000,2.4326E+002
89.0000,2.5121E+002
90.0000,2.6287E+002
91.0000,2.5848E+002
92.0000,2.4080E+002
93.0000,2.3981E+002
94.0000,2.4634E+002
95.0000,2.4871E+002
96.0000,2.4299E+002
97.0000,2.7056E+002
98.0000,2.6813E+002
99.0000,2.8328E+002
100.0000,2.4468E+002
101.0000,2.3765E+002
102.0000,2.6504E+002
103.0000,2.5257E+002
104.0000,2.6749E+002
105.0000,2.7052E+002
106.0000,2.7996E+002
107.0000,2.6736E+002
108.0000,2.2716E+002
109.0000,2.7243E+002
110.0000,2.8218E+002
111.0000,2.4899E+002
112.0000,2.5388E+002
113.0000,2.7486E+002
114.0000,2.7165E+002
115.0000,2.7864E+002
116.0000,2.8240E+002
117.0000,2.7781E+002
118.0000,2.7408E+002
119.0000,2.8175E+002
120.0000,2.8854E+002
121.0000,2.8341E+002
122.0000,3.0948E+002
123.0000,3.0067E+002
124.0000,2.8722E+002
125.0000,2.7496E+002
126.0000,2.7978E+002
127.0000,2.5758E+002
128.0000,2.6658E+002
129.0000,2.9066E+002
130.0000,2.6792E+002
131.0000,2.5648E+002
132.0000,2.7318E+002
133.0000,2.6749E+002
134.0000,2.2911E+002
135.0000,2.6225E+002
136.0000,2.8519E+002
137.0000,2.9537E+002
138.0000,3.2291E+002
139.0000,3.0656E+002
140.0000,2.9521E+002
141.0000,2.7094E+002
142.0000,2.6398E+002
143.0000,2.8468E+002
144.0000,3.1099E+002
145.0000,3.1468E+002
146.0000,3.2144E+002
147.0000,2.9115E+002
148.0000,3.0982E+002
149.0000,2.8720E+002
150.0000,2.7585E+002
151.0000,2.7092E+002
152.0000,2.7034E+002
153.0000,2.8542E+002
154.0000,3.1109E+002
155.0000,3.2144E+002
156.0000,2.7856E+002
157.0000,2.9564E+002
158.0000,3.3493E+002
159.0000,3.2888E+002
160.0000,3.2767E+002
161.0000,3.2499E+002
162.0000,3.2068E+002
163.0000,3.1066E+002
164.0000,2.8437E+002
165.0000,2.8850E+002
166.0000,3.3776E+002
167.0000,3.3236E+002
168.0000,3.3617E+002
169.0000,3.1963E+002
170.0000,2.8432E+002
171.0000,3.1460E+002
172.0000,3.4084E+002
173.0000,3.4884E+002
174.0000,3.1331E+002
175.0000,3.0993E+002
176.0000,3.0250E+002
177.0000,3.0996E+002
178.0000,3.4336E+002
179.0000,3.5305E+002
180.0000,3.5758E+002
181.0000,3.3284E+002
182.0000,2.8424E+002
183.0000,3.1507E+002
184.0000,3.4244E+002
185.0000,3.1603E+002
186.0000,3.0489E+002
187.0000,3.2769E+002
188.0000,3.4246E+002
189.0000,3.3123E+002
190.0000,3.1068E+002
191.0000,3.3154E+002
192.0000,3.3893E+002
193.0000,3.5787E+002
194.0000,3.4655E+002
195.0000,3.4196E+002
196.0000,3.5965E+002
197.0000,3.3809E+002
198.0000,3.2760E+002
199.0000,3.5405E+002
200.0000,3.5276E+002
201.0000,3.5123E+002
202.0000,3.5044E+002
203.0000,3.5793E+002
204.0000,3.4939E+002
205.0000,3.4337E+002
206.0000,3.3405E+002
207.0000,3.3792E+002
208.0000,3.5145E+002
209.0000,3.5999E+002
210.0000,3.4327E+002
211.0000,3.4186E+002
212.0000,3.2179E+002
213.0000,3.3332E+002
214.0000,3.3875E+002
215.0000,3.3962E+002
216.0000,3.3740E+002
217.0000,3.4530E+002
218.0000,3.6578E+002
219.0000,3.7587E+002
220.0000,3.6449E+002
221.0000,3.4519E+002
222.0000,3.3622E+002
223.0000,3.2437E+002
224.0000,3.5021E+002
225.0000,3.3797E+002
226.0000,3.0040E+002
227.0000,2.9619E+002
228.0000,3.1143E+002
229.0000,3.2121E+002
230.0000,3.2452E+002
231.0000,3.1169E+002
232.0000,3.2045E+002
233.0000,3.2104E+002
234.0000,3.2091E+002
235.0000,3.1495E+002
236.0000,3.2099E+002
237.0000,3.1041E+002
238.0000,3.0991E+002
239.0000,3.3091E+002
240.0000,3.3968E+002
241.0000,3.2422E+002
242.0000,3.1254E+002
243.0000,3.2688E+002
244.0000,3.5425E+002
245.0000,3.5174E+002
246.0000,3.2557E+002
247.0000,3.4394E+002
248.0000,3.3220E+002
249.0000,3.3646E+002
250.0000,3.4330E+002
251.0000,3.1387E+002
252.0000,2.9857E+002
253.0000,3.1581E+002
254.0000,2.8967E+002
255.0000,2.7578E+002
256.0000,2.7692E+002
257.0000,2.9282E+002
258.0000,2.9967E+002
259.0000,3.1620E+002
260.0000,3.1082E+002
261.0000,3.0789E+002
262.0000,3.0978E+002
263.0000,3.0248E+002
264.0000,2.9776E+002
265.0000,3.0018E+002
266.0000,2.9215E+002
267.0000,2.9123E+002
268.0000,3.2259E+002
269.0000,3.1334E+002
270.0000,3.2431E+002
271.0000,3.3002E+002
272.0000,2.7151E+002
273.0000,2.9370E+002
274.0000,2.8497E+002
275.0000,2.6846E+002
276.0000,2.8724E+002
277.0000,2.7671E+002
278.0000,2.7188E+002
279.0000,2.7060E+002
280.0000,2.7178E+002
281.0000,2.5987E+002
282.0000,2.6576E+002
283.0000,2.5878E+002
284.0000,3.0290E+002
285.0000,2.9769E+002
286.0000,2.6318E+002
287.0000,2.6852E+002
288.0000,2.7636E+002
289.0000,2.7696E+002
290.0000,2.6928E+002
291.0000,2.7423E+002
292.0000,2.7811E+002
293.0000,2.7348E+002
294.0000,2.8046E+002
295.0000,3.1740E+002
296.0000,3.1550E+002
297.0000,3.1231E+002
298.0000,3.0515E+002
299.0000,3.1815E+002
300.0000,3.0368E+002
301.0000,3.0490E+002
302.0000,2.9438E+002
303.0000,2.8025E+002
304.0000,2.5448E+002
305.0000,2.5765E+002
306.0000,2.4158E+002
307.0000,2.4627E+002
308.0000,2.4216E+002
309.0000,2.5478E+002
310.0000,2.4539E+002
311.0000,2.5067E+002
312.0000,2.7144E+002
313.0000,2.6260E+002
314.0000,2.5049E+002
315.0000,2.4296E+002
316.0000,2.4794E+002
317.0000,2.5418E+002
318.0000,2.6587E+002
319.0000,2.5110E+002
320.0000,2.4465E+002
321.0000,2.2550E+002
322.0000,2.1729E+002
323.0000,2.4142E+002
324.0000,2.6500E+002
325.0000,2.4854E+002
326.0000,2.3869E+002
327.0000,2.3995E+002
328.0000,2.3263E+002
329.0000,2.4373E+002
330.0000,2.4438E+002
331.0000,2.2558E+002
332.0000,2.4492E+002
333.0000,2.7927E+002
334.0000,2.4048E+002
335.0000,2.6465E+002
336.0000,2.1948E+002
337.0000,2.1013E+002
338.0000,2.1231E+002
339.0000,2.1095E+002
340.0000,2.2051E+002
341.0000,2.1588E+002
342.0000,2.2072E+002
343.0000,2.2649E+002
344.0000,2.6674E+002
345.0000,2.0846E+002
346.0000,1.9214E+002
347.0000,1.8849E+002
348.0000,1.8587E+002
349.0000,0.0000E+000
350.0000,0.0000E+000
351.0000,0.0000E+000
352.0000,0.0000E+000
353.0000,0.0000E+000
354.0000,0.0000E+000
355.0000,0.0000E+000
356.0000,0.0000E+000
357.0000,0.0000E+000
358.0000,0.0000E+000
359.0000,0.0000E+000
360.0000,0.0000E+000
361.0000,0.0000E+000
362.0000,0.0000E+000
363.0000,0.0000E+000
364.0000,0.0000E+000
365.0000,0.0000E+000
366.0000,0.0000E+000
367.0000,0.0000E+000
368.0000,0.0000E+000
369.0000,0.0000E+000
370.0000,0.0000E+000
371.0000,0.0000E+000
372.0000,0.0000E+000
373.0000,0.0000E+000
374.0000,0.0000E+000
375.0000,0.0000E+000
376.0000,0.0000E+000
377.0000,0.0000E+000
378.0000,0.0000E+000
379.0000,0.0000E+000
380.0000,0.0000E+000
381.0000,0.0000E+000
382.0000,0.0000E+000
383.0000,0.0000E+000
384.0000,0.0000E+000
385.0000,0.0000E+000
386.0000,0.0000E+000
387.0000,0.0000E+000
388.0000,0.0000E+000
389.0000,0.0000E+000
390.0000,0.0000E+000
391.0000,0.0000E+000
392.0000,0.0000E+000
393.0000,0.0000E+000
394.0000,0.0000E+000
395.0000,0.0000E+000
396.0000,0.0000E+000
397.0000,0.0000E+000
398.0000,0.0000E+000
399.0000,0.0000E+000
400.0000,0.0000E+000
401.0000,0.0000E+000
402.0000,0.0000E+000
403.0000,0.0000E+000
404.0000,0.0000E+000
405.0000,0.0000E+000
406.0000,2.4573E+002
407.0000,0.0000E+000
408.0000,0.0000E+000
409.0000,0.0000E+000
410.0000,0.0000E+000
411.0000,0.0000E+000
412.0000,0.0000E+000
413.0000,0.0000E+000
414.0000,0.0000E+000
415.0000,0.0000E+000
416.0000,0.0000E+000
417.0000,0.0000E+000
418.0000,0.0000E+000
419.0000,0.0000E+000
420.0000,0.0000E+000
421.0000,0.0000E+000
422.0000,0.0000E+000
423.0000,0.0000E+000
424.0000,0.0000E+000
425.0000,0.0000E+000
426.0000,0.0000E+000
427.0000,0.0000E+000
428.0000,0.0000E+000
429.0000,0.0000E+000
430.0000,0.0000E+000
431.0000,2.2901E+002
432.0000,2.5480E+002
433.0000,2.8304E+002
434.0000,2.4076E+002
435.0000,0.0000E+000
436.0000,2.2573E+002
437.0000,2.3526E+002
438.0000,2.7753E+002
439.0000,0.0000E+000
440.0000,0.0000E+000
441.0000,0.0000E+000
442.0000,0.0000E+000
443.0000,0.0000E+000
444.0000,0.0000E+000
445.0000,0.0000E+000
446.0000,0.0000E+000
447.0000,2.2822E+002
448.0000,2.6100E+002
449.0000,0.0000E+000
450.0000,0.0000E+000
451.0000,2.2116E+002
452.0000,2.6451E+002
453.0000,0.0000E+000
454.0000,2.7117E+002
455.0000,2.1928E+002
456.0000,2.3965E+002
457.0000,2.3359E+002
458.0000,2.7846E+002
459.0000,0.0000E+000
460.0000,2.4162E+002
461.0000,2.2377E+002
462.0000,2.4633E+002
463.0000,2.4517E+002
464.0000,0.0000E+000
465.0000,0.0000E+000
466.0000,0.0000E+000
467.0000,0.0000E+000
468.0000,0.0000E+000
469.0000,0.0000E+000
470.0000,2.6624E+002
471.0000,2.8489E+002
472.0000,2.8676E+002
473.0000,2.9449E+002
474.0000,2.6594E+002
475.0000,2.2999E+002
476.0000,2.2335E+002
477.0000,2.4595E+002
478.0000,0.0000E+000
479.0000,0.0000E+000
480.0000,0.0000E+000
481.0000,0.0000E+000
482.0000,2.5838E+002
483.0000,2.6760E+002
484.0000,2.6247E+002
485.0000,2.4993E+002
486.0000,2.5397E+002
487.0000,2.5609E+002
488.0000,2.6140E+002
489.0000,2.6746E+002
490.0000,2.8615E+002
491.0000,2.5586E+002
492.0000,2.6069E+002
493.0000,2.6084E+002
494.0000,2.7045E+002
495.0000,2.9651E+002
496.0000,2.8806E+002
497.0000,2.6993E+002
498.0000,2.4503E+002
499.0000,2.5124E+002
500.0000,2.6874E+002
501.0000,2.8659E+002
502.0000,2.7749E+002
503.0000,2.7745E+002
504.0000,2.6888E+002
505.0000,2.9734E+002
506.0000,3.0284E+002
507.0000,2.8184E+002
508.0000,2.7822E+002
509.0000,2.8959E+002
510.0000,3.2416E+002
511.0000,3.2163E+002
512.0000,3.0243E+002
513.0000,3.1125E+002
514.0000,2.9696E+002
515.0000,2.3765E+002
516.0000,2.6256E+002
517.0000,2.7805E+002
518.0000,2.9662E+002
519.0000,2.8296E+002
520.0000,2.9011E+002
521.0000,2.9600E+002
522.0000,3.2708E+002
523.0000,3.1940E+002
524.0000,3.1702E+002
525.0000,3.0765E+002
526.0000,3.1143E+002
527.0000,3.1547E+002
528.0000,2.9505E+002
529.0000,3.0378E+002
530.0000,3.1158E+002
531.0000,3.1018E+002
532.0000,3.0928E+002
533.0000,3.1782E+002
534.0000,3.3864E+002
535.0000,3.3730E+002
536.0000,3.3425E+002
537.0000,3.1457E+002
538.0000,3.0840E+002
539.0000,3.0527E+002
540.0000,3.0135E+002
541.0000,3.0454E+002
542.0000,3.1321E+002
543.0000,3.0067E+002
544.0000,3.1301E+002
545.0000,3.1826E+002
546.0000,3.0542E+002
547.0000,3.2593E+002
548.0000,3.3775E+002
549.0000,3.3799E+002
550.0000,3.3878E+002
551.0000,3.2658E+002
552.0000,3.2290E+002
553.0000,3.2059E+002
554.0000,3.3751E+002
555.0000,3.3587E+002
556.0000,3.2003E+002
557.0000,3.3411E+002
558.0000,3.2485E+002
559.0000,3.1977E+002
560.0000,3.2074E+002
561.0000,3.0704E+002
562.0000,3.1022E+002
563.0000,3.0765E+002
564.0000,3.1112E+002
565.0000,3.1246E+002
566.0000,3.1977E+002
567.0000,3.2103E+002
568.0000,3.1553E+002
569.0000,3.2771E+002
570.0000,3.3905E+002
571.0000,3.5115E+002
572.0000,3.4252E+002
573.0000,3.4374E+002
574.0000,3.5191E+002
575.0000,2.9352E+002
576.0000,2.7499E+002
577.0000,3.2579E+002
578.0000,3.4161E+002
579.0000,3.4575E+002
580.0000,3.4597E+002
581.0000,3.3949E+002
582.0000,3.1500E+002
583.0000,3.1062E+002
584.0000,3.2662E+002
585.0000,3.2623E+002
586.0000,3.2334E+002
587.0000,3.2563E+002
588.0000,3.4414E+002
589.0000,3.3186E+002
590.0000,3.2930E+002
591.0000,3.4806E+002
592.0000,3.4176E+002
593.0000,3.2788E+002
594.0000,3.2621E+002
595.0000,3.2275E+002
596.0000,3.3364E+002
597.0000,3.5355E+002
598.0000,3.3961E+002
599.0000,3.2809E+002
600.0000,2.8834E+002
601.0000,2.8125E+002
602.0000,3.0758E+002
603.0000,3.2629E+002
604.0000,3.1583E+002
605.0000,3.0994E+002
606.0000,3.0327E+002
607.0000,3.1711E+002
608.0000,3.2934E+002
609.0000,3.3270E+002
610.0000,3.2772E+002
611.0000,3.2174E+002
612.0000,3.1282E+002
613.0000,3.2756E+002
614.0000,3.2361E+002
615.0000,3.1023E+002
616.0000,3.0853E+002
617.0000,3.1468E+002
618.0000,3.2376E+002
619.0000,3.0994E+002
620.0000,3.0187E+002
621.0000,3.0363E+002
622.0000,2.9753E+002
623.0000,3.1340E+002
624.0000,3.3356E+002
625.0000,3.3033E+002
626.0000,2.8231E+002
627.0000,2.9765E+002
628.0000,3.0715E+002
629.0000,3.1033E+002
630.0000,2.9560E+002
631.0000,2.7824E+002
632.0000,2.7930E+002
633.0000,2.7271E+002
634.0000,2.7304E+002
635.0000,3.1182E+002
636.0000,2.9509E+002
637.0000,2.6281E+002
638.0000,2.4040E+002
639.0000,2.5548E+002
640.0000,2.4789E+002
641.0000,2.5170E+002
642.0000,2.6380E+002
643.0000,2.8736E+002
644.0000,3.0610E+002
645.0000,3.1920E+002
646.0000,3.1489E+002
647.0000,2.9124E+002
648.0000,2.9885E+002
649.0000,3.0246E+002
650.0000,2.6535E+002
651.0000,2.6390E+002
652.0000,2.5738E+002
653.0000,2.5663E+002
654.0000,2.7117E+002
655.0000,2.6758E+002
656.0000,2.8030E+002
657.0000,2.7412E+002
658.0000,2.5764E+002
659.0000,2.5949E+002
660.0000,2.7829E+002
661.0000,2.9008E+002
662.0000,2.7017E+002
663.0000,2.6139E+002
664.0000,2.5873E+002
665.0000,2.6804E+002
666.0000,2.8812E+002
667.0000,2.8125E+002
668.0000,2.9676E+002
669.0000,3.1379E+002
670.0000,3.0733E+002
671.0000,3.0699E+002
672.0000,2.7703E+002
673.0000,2.4449E+002
674.0000,2.6511E+002
675.0000,2.3892E+002
676.0000,2.5484E+002
677.0000,2.4692E+002
678.0000,2.5426E+002
679.0000,2.4472E+002
680.0000,2.4091E+002
681.0000,2.4214E+002
682.0000,2.4388E+002
683.0000,2.8006E+002
684.0000,2.8104E+002
685.0000,2.3418E+002
686.0000,2.8750E+002
687.0000,3.0217E+002
688.0000,2.8295E+002
689.0000,2.4991E+002
690.0000,2.4242E+002
691.0000,2.3477E+002
692.0000,2.2525E+002
693.0000,2.1578E+002
694.0000,2.4810E+002
695.0000,2.6024E+002
696.0000,1.9894E+002
697.0000,1.9953E+002
698.0000,1.9737E+002
699.0000,2.1982E+002
700.0000,2.2419E+002
701.0000,2.0013E+002
702.0000,2.0437E+002
703.0000,2.0070E+002
704.0000,2.1412E+002
705.0000,2.3011E+002
706.0000,2.6494E+002
707.0000,2.7548E+002
708.0000,2.6199E+002
709.0000,2.2638E+002
710.0000,2.0576E+002
711.0000,2.2765E+002
712.0000,2.2987E+002
713.0000,2.3269E+002
714.0000,1.8736E+002
715.0000,2.1203E+002
716.0000,2.5528E+002
717.0000,2.5647E+002
718.0000,2.4093E+002
719.0000,2.2739E+002
720.0000,2.3922E+002
721.0000,2.4312E+002
722.0000,2.6623E+002
723.0000,2.2585E+002
724.0000,2.5517E+002
725.0000,2.3815E+002
726.0000,2.4284E+002
727.0000,2.3179E+002
728.0000,2.3789E+002
729.0000,2.9154E+002
730.0000,2.7809E+002
731.0000,2.2730E+002
732.0000,2.3227E+002
733.0000,2.3622E+002
734.0000,2.7415E+002
735.0000,2.0631E+002
736.0000,1.9504E+002
737.0000,2.1276E+002
738.0000,2.2804E+002
739.0000,2.0814E+002
740.0000,2.0365E+002
741.0000,2.1470E+002
742.0000,2.4128E+002
743.0000,2.7147E+002
744.0000,2.4987E+002
745.0000,2.5036E+002
746.0000,2.4862E+002
747.0000,2.6217E+002
748.0000,2.5907E+002
749.0000,2.8076E+002
750.0000,2.6434E+002
751.0000,2.4189E+002
752.0000,2.1182E+002
753.0000,2.1985E+002
754.0000,2.3928E+002
755.0000,2.6889E+002
756.0000,2.3267E+002
757.0000,1.6826E+002
758.0000,1.9418E+002
759.0000,1.9861E+002
760.0000,2.1576E+002
761.0000,2.3968E+002
762.0000,2.2920E+002
763.0000,2.1530E+002
764.0000,2.2350E+002
765.0000,2.5654E+002
766.0000,2.7114E+002
767.0000,2.2110E+002
768.0000,1.8325E+002
769.0000,2.2027E+002
770.0000,2.0778E+002
771.0000,2.1037E+002
772.0000,2.4509E+002
773.0000,2.7948E+002
774.0000,2.5149E+002
775.0000,2.2753E+002
776.0000,2.3107E+002
777.0000,2.5215E+002
778.0000,2.5315E+002
779.0000,2.5432E+002
780.0000,2.5270E+002
781.0000,2.3613E+002
782.0000,2.4092E+002
783.0000,2.5335E+002
784.0000,2.2762E+002
785.0000,2.3213E+002
786.0000,2.2644E+002
787.0000,2.3693E+002
788.0000,2.7456E+002
789.0000,2.4656E+002
790.0000,2.6513E+002
791.0000,2.5327E+002
792.0000,2.4912E+002
793.0000,2.6332E+002
794.0000,2.4017E+002
795.0000,2.4427E+002
796.0000,2.5756E+002
797.0000,2.6777E+002
798.0000,2.6288E+002
799.0000,2.5982E+002
800.0000,2.6925E+002
801.0000,2.7906E+002
802.0000,2.7782E+002
803.0000,2.7743E+002
804.0000,2.9412E+002
805.0000,2.8507E+002
806.0000,2.1186E+002
807.0000,2.5807E+002
808.0000,2.1102E+002
809.0000,1.8650E+002
810.0000,1.8936E+002
811.0000,2.2561E+002
812.0000,2.2646E+002
813.0000,2.5797E+002
814.0000,2.5580E+002
815.0000,2.9501E+002
816.0000,2.4895E+002
817.0000,2.5584E+002
818.0000,2.4263E+002
819.0000,2.6736E+002
820.0000,2.7553E+002
821.0000,2.3298E+002
822.0000,2.4259E+002
823.0000,2.5805E+002
824.0000,2.8625E+002
825.0000,2.2892E+002
826.0000,2.3370E+002
827.0000,2.6520E+002
828.0000,2.8435E+002
829.0000,2.4594E+002
830.0000,2.5953E+002
831.0000,2.5625E+002
832.0000,2.9411E+002
833.0000,2.8671E+002
834.0000,2.2366E+002
835.0000,2.5264E+002
836.0000,2.4215E+002
837.0000,2.6825E+002
838.0000,3.0651E+002
839.0000,3.1327E+002
840.0000,2.7639E+002
841.0000,2.7636E+002
842.0000,2.9925E+002
843.0000,3.2476E+002
844.0000,3.0675E+002
845.0000,2.8242E+002
846.0000,2.8455E+002
847.0000,3.0125E+002
848.0000,3.0360E+002
849.0000,2.7878E+002
850.0000,2.6120E+002
851.0000,3.0814E+002
852.0000,3.0478E+002
853.0000,2.9740E+002
854.0000,2.9811E+002
855.0000,3.0075E+002
856.0000,2.9503E+002
857.0000,2.7711E+002
858.0000,2.6960E+002
859.0000,2.8619E+002
860.0000,2.9775E+002
861.0000,2.8826E+002
862.0000,3.0287E+002
863.0000,3.0134E+002
864.0000,2.8416E+002
865.0000,2.9017E+002
866.0000,2.7937E+002
867.0000,2.8718E+002
868.0000,2.6446E+002
869.0000,2.7626E+002
870.0000,2.7496E+002
871.0000,2.8975E+002
872.0000,2.7463E+002
873.0000,2.7832E+002
874.0000,2.6454E+002
875.0000,2.6322E+002
876.0000,2.6431E+002
877.0000,2.6776E+002
878.0000,2.9192E+002
879.0000,3.1556E+002
880.0000,3.2758E+002
881.0000,2.9159E+002
882.0000,2.9882E+002
883.0000,3.1425E+002
884.0000,3.0586E+002
885.0000,2.9803E+002
886.0000,3.2816E+002
887.0000,3.2706E+002
888.0000,3.1691E+002
889.0000,2.8860E+002
890.0000,2.8510E+002
891.0000,2.9641E+002
892.0000,3.2488E+002
893.0000,3.1312E+002
894.0000,2.9756E+002
895.0000,3.0185E+002
896.0000,3.2577E+002
897.0000,3.3486E+002
898.0000,3.3777E+002
899.0000,3.2836E+002
900.0000,3.3146E+002
901.0000,3.1485E+002
902.0000,3.0879E+002
903.0000,3.0208E+002
904.0000,3.0563E+002
905.0000,3.1006E+002
906.0000,3.1307E+002
907.0000,3.1476E+002
908.0000,3.2867E+002
909.0000,3.2409E+002
910.0000,3.2888E+002
911.0000,3.1987E+002
912.0000,3.1930E+002
913.0000,3.1220E+002
914.0000,3.1322E+002
915.0000,3.1391E+002
916.0000,3.3529E+002
917.0000,3.5603E+002
918.0000,3.4420E+002
919.0000,3.2633E+002
920.0000,3.2853E+002
921.0000,3.3920E+002
922.0000,3.3814E+002
923.0000,3.3368E+002
924.0000,3.2653E+002
925.0000,3.4450E+002
926.0000,3.4416E+002
927.0000,3.4803E+002
928.0000,3.5231E+002
929.0000,3.5140E+002
930.0000,3.4694E+002
931.0000,3.4747E+002
932.0000,3.3660E+002
933.0000,3.4745E+002
934.0000,3.4458E+002
935.0000,3.1927E+002
936.0000,3.3067E+002
937.0000,3.1587E+002
938.0000,3.0660E+002
939.0000,2.9595E+002
940.0000,2.8963E+002
941.0000,2.9102E+002
942.0000,2.8227E+002
943.0000,2.8220E+002
944.0000,2.8347E+002
945.0000,2.8608E+002
946.0000,2.8966E+002
947.0000,3.0238E+002
948.0000,3.1223E+002
949.0000,3.1982E+002
950.0000,3.2603E+002
951.0000,3.3114E+002
952.0000,3.1580E+002
953.0000,3.1902E+002
954.0000,3.2056E+002
955.0000,3.2573E+002
956.0000,3.2347E+002
957.0000,3.0764E+002
958.0000,3.1264E+002
959.0000,3.1607E+002
960.0000,3.4461E+002
961.0000,3.3332E+002
962.0000,3.0730E+002
963.0000,3.2664E+002
964.0000,3.2889E+002
965.0000,3.4871E+002
966.0000,3.4501E+002
967.0000,3.4548E+002
968.0000,3.5089E+002
969.0000,3.3437E+002
970.0000,3.0816E+002
971.0000,3.0236E+002
972.0000,3.1144E+002
973.0000,3.0894E+002
974.0000,3.0022E+002
975.0000,3.1345E+002
976.0000,3.3759E+002
977.0000,3.2192E+002
978.0000,3.0234E+002
979.0000,3.0811E+002
980.0000,3.0646E+002
981.0000,3.0854E+002
982.0000,3.2467E+002
983.0000,3.5405E+002
984.0000,3.4949E+002
985.0000,3.2382E+002
986.0000,2.9370E+002
987.0000,2.9622E+002
988.0000,3.1044E+002
989.0000,3.1427E+002
990.0000,3.0485E+002
991.0000,3.2699E+002
992.0000,3.2012E+002
993.0000,2.9832E+002
994.0000,2.9987E+002
995.0000,3.0088E+002
996.0000,3.1883E+002
997.0000,2.9478E+002
998.0000,3.0711E+002
999.0000,3.0883E+002
1000.0000,3.0025E+002
1001.0000,3.0705E+002
1002.0000,3.0252E+002
1003.0000,2.9667E+002
1004.0000,3.0124E+002
1005.0000,2.8710E+002
1006.0000,2.9889E+002
1007.0000,2.9635E+002
1008.0000,3.1610E+002
1009.0000,3.3250E+002
1010.0000,3.1478E+002
1011.0000,2.9708E+002
1012.0000,2.8200E+002
1013.0000,2.7225E+002
1014.0000,2.7525E+002
1015.0000,2.3733E+002
1016.0000,2.6076E+002
1017.0000,3.0028E+002
1018.0000,3.1606E+002
1019.0000,2.8722E+002
1020.0000,2.8021E+002
1021.0000,2.6460E+002
1022.0000,2.6932E+002
1023.0000,2.7077E+002
1024.0000,2.8944E+002
1025.0000,2.9634E+002
1026.0000,3.1663E+002
1027.0000,3.1006E+002
1028.0000,2.8948E+002
1029.0000,3.1172E+002
1030.0000,2.7636E+002
1031.0000,2.5584E+002
1032.0000,2.6848E+002
1033.0000,2.9140E+002
1034.0000,2.5236E+002
1035.0000,2.1054E+002
1036.0000,2.1325E+002
1037.0000,2.1306E+002
1038.0000,2.2357E+002
1039.0000,2.2290E+002
1040.0000,2.3256E+002
1041.0000,2.3139E+002
1042.0000,2.3492E+002
1043.0000,2.2438E+002
1044.0000,2.2275E+002
1045.0000,2.3128E+002
1046.0000,2.3097E+002
1047.0000,2.3208E+002
1048.0000,2.3777E+002
1049.0000,2.3313E+002
1050.0000,2.2684E+002
1051.0000,2.2025E+002
1052.0000,2.2822E+002
1053.0000,2.2662E+002
1054.0000,2.2705E+002
1055.0000,2.3092E+002
1056.0000,2.4951E+002
1057.0000,2.1617E+002
1058.0000,2.2637E+002
1059.0000,2.3310E+002
1060.0000,2.3486E+002
1061.0000,2.2965E+002
1062.0000,2.3330E+002
1063.0000,2.3766E+002
1064.0000,2.3920E+002
1065.0000,2.3800E+002
1066.0000,2.4048E+002
1067.0000,2.4371E+002
1068.0000,2.4230E+002
1069.0000,2.2963E+002
1070.0000,2.3866E+002
1071.0000,2.2901E+002
1072.0000,2.3307E+002
1073.0000,2.1797E+002
1074.0000,2.1392E+002
1075.0000,2.2443E+002
1076.0000,2.4826E+002
1077.0000,2.2115E+002
1078.0000,2.1365E+002
1079.0000,2.2299E+002
1080.0000,2.1035E+002
1081.0000,2.2178E+002
1082.0000,2.2348E+002
1083.0000,2.1131E+002
1084.0000,2.0976E+002
1085.0000,1.9940E+002
1086.0000,1.9878E+002
1087.0000,1.9560E+002
1088.0000,1.9210E+002
1089.0000,1.8977E+002
1090.0000,1.8814E+002
1091.0000,2.2786E+002
1092.0000,2.2651E+002
1093.0000,2.2725E+002
1094.0000,2.3674E+002
1095.0000,2.7049E+002
1096.0000,2.7233E+002
1097.0000,2.0208E+002
1098.0000,2.0202E+002
1099.0000,2.1146E+002
1100.0000,2.5785E+002
1101.0000,2.3827E+002
1102.0000,2.2183E+002
1103.0000,2.3604E+002
1104.0000,2.5478E+002
1105.0000,2.6295E+002
1106.0000,2.4582E+002
1107.0000,1.8952E+002
1108.0000,1.8389E+002
1109.0000,2.0366E+002
1110.0000,1.9787E+002
1111.0000,2.1799E+002
1112.0000,2.0781E+002
1113.0000,1.9525E+002
1114.0000,2.0319E+002
1115.0000,2.0039E+002
1116.0000,1.9427E+002
1117.0000,1.9734E+002
1118.0000,1.9742E+002
1119.0000,2.0424E+002
1120.0000,1.9826E+002
1121.0000,2.0707E+002
1122.0000,2.3265E+002
1123.0000,2.4558E+002
1124.0000,2.7040E+002
1125.0000,2.7492E+002
1126.0000,2.5495E+002
1127.0000,2.5092E+002
1128.0000,2.2192E+002
1129.0000,1.7719E+002
1130.0000,1.9854E+002
1131.0000,1.7885E+002
1132.0000,2.0141E+002
1133.0000,2.1260E+002
1134.0000,2.0317E+002
1135.0000,1.8859E+002
1136.0000,1.9574E+002
1137.0000,1.8623E+002
1138.0000,1.7866E+002
1139.0000,2.0523E+002
1140.0000,2.0245E+002
1141.0000,2.5067E+002
1142.0000,2.3251E+002
1143.0000,1.8758E+002
1144.0000,1.9015E+002
1145.0000,2.3153E+002
1146.0000,2.4632E+002
1147.0000,2.7657E+002
1148.0000,2.2819E+002
1149.0000,2.4952E+002
1150.0000,2.6630E+002
1151.0000,2.7026E+002
1152.0000,2.6118E+002
1153.0000,2.6603E+002
1154.0000,2.5783E+002
1155.0000,2.3445E+002
1156.0000,2.3271E+002
1157.0000,2.1094E+002
1158.0000,1.7921E+002
1159.0000,0.0000E+000
1160.0000,0.0000E+000
1161.0000,0.0000E+000
1162.0000,0.0000E+000
1163.0000,0.0000E+000
1164.0000,0.0000E+000
1165.0000,0.0000E+000
1166.0000,0.0000E+000
1167.0000,0.0000E+000
1168.0000,0.0000E+000
1169.0000,0.0000E+000
1170.0000,0.0000E+000
1171.0000,0.0000E+000
1172.0000,0.0000E+000
1173.0000,2.5252E+002
1174.0000,2.4701E+002
1175.0000,2.8005E+002
1176.0000,2.6486E+002
1177.0000,0.0000E+000
1178.0000,0.0000E+000
1179.0000,0.0000E+000
1180.0000,0.0000E+000
1181.0000,1.9871E+002
1182.0000,2.2260E+002
1183.0000,2.4058E+002
1184.0000,2.2761E+002
1185.0000,2.4033E+002
1186.0000,2.5205E+002
1187.0000,2.7670E+002
1188.0000,2.8192E+002
1189.0000,2.8029E+002
1190.0000,2.6880E+002
1191.0000,2.7683E+002
1192.0000,2.5929E+002
1193.0000,2.5071E+002
1194.0000,2.5884E+002
1195.0000,2.7067E+002
1196.0000,2.6347E+002
1197.0000,2.6606E+002
1198.0000,2.3269E+002
1199.0000,2.0243E+002
1200.0000,2.2027E+002
1201.0000,2.3458E+002
1202.0000,2.7039E+002
1203.0000,2.8748E+002
1204.0000,2.6628E+002
1205.0000,2.7811E+002
1206.0000,2.7233E+002
1207.0000,3.0833E+002
1208.0000,2.8569E+002
1209.0000,2.6452E+002
1210.0000,2.8874E+002
1211.0000,2.9117E+002
1212.0000,2.9489E+002
1213.0000,2.6925E+002
1214.0000,2.9646E+002
1215.0000,3.0978E+002
1216.0000,3.1404E+002
1217.0000,2.8293E+002
1218.0000,2.8109E+002
1219.0000,2.7007E+002
1220.0000,2.8807E+002
1221.0000,2.7050E+002
1222.0000,2.9284E+002
1223.0000,3.1483E+002
1224.0000,3.0771E+002
1225.0000,2.7965E+002
1226.0000,2.7975E+002
1227.0000,2.7818E+002
1228.0000,2.6047E+002
1229.0000,2.7479E+002
1230.0000,2.7597E+002
1231.0000,2.5779E+002
1232.0000,2.6065E+002
1233.0000,3.0488E+002
1234.0000,3.2141E+002
1235.0000,2.8410E+002
1236.0000,2.9047E+002
1237.0000,2.9203E+002
1238.0000,3.1096E+002
1239.0000,2.8041E+002
1240.0000,3.0254E+002
1241.0000,3.1815E+002
1242.0000,3.2210E+002
1243.0000,3.0104E+002
1244.0000,3.0747E+002
1245.0000,3.0966E+002
1246.0000,3.1867E+002
1247.0000,2.9702E+002
1248.0000,3.2657E+002
1249.0000,3.3545E+002
1250.0000,3.1281E+002
1251.0000,3.0370E+002
1252.0000,3.1020E+002
1253.0000,3.1986E+002
1254.0000,3.0900E+002
1255.0000,3.0124E+002
1256.0000,2.9550E+002
1257.0000,2.9820E+002
1258.0000,2.9293E+002
1259.0000,3.1046E+002
1260.0000,3.0339E+002
1261.0000,3.0046E+002
1262.0000,3.2854E+002
1263.0000,3.4653E+002
1264.0000,3.4969E+002
1265.0000,3.4175E+002
1266.0000,3.2891E+002
1267.0000,3.0545E+002
1268.0000,3.2032E+002
1269.0000,3.1765E+002
1270.0000,2.8518E+002
1271.0000,2.9546E+002
1272.0000,3.1735E+002
1273.0000,3.2416E+002
1274.0000,3.3123E+002
1275.0000,3.3289E+002
1276.0000,3.2569E+002
1277.0000,3.5508E+002
1278.0000,3.2681E+002
1279.0000,3.2615E+002
1280.0000,3.2540E+002
1281.0000,3.3489E+002
1282.0000,3.2237E+002
1283.0000,3.2568E+002
1284.0000,3.5479E+002
1285.0000,3.6097E+002
1286.0000,3.3656E+002
1287.0000,3.5059E+002
1288.0000,3.5734E+002
1289.0000,3.4414E+002
1290.0000,3.4764E+002
1291.0000,3.4529E+002
1292.0000,3.4522E+002
1293.0000,3.1887E+002
1294.0000,3.0891E+002
1295.0000,3.2034E+002
1296.0000,3.3417E+002
1297.0000,3.2212E+002
1298.0000,3.1871E+002
1299.0000,3.2914E+002
1300.0000,3.2960E+002
1301.0000,3.1785E+002
1302.0000,3.2605E+002
1303.0000,3.3343E+002
1304.0000,3.3071E+002
1305.0000,3.1982E+002
1306.0000,3.2715E+002
1307.0000,3.3650E+002
1308.0000,3.4369E+002
1309.0000,3.5034E+002
1310.0000,3.4597E+002
1311.0000,3.4811E+002
1312.0000,3.7099E+002
1313.0000,3.5855E+002
1314.0000,3.6762E+002
1315.0000,3.6348E+002
1316.0000,3.5183E+002
1317.0000,3.4654E+002
1318.0000,3.2997E+002
1319.0000,3.3530E+002
1320.0000,3.4540E+002
1321.0000,3.4577E+002
1322.0000,3.5186E+002
1323.0000,3.4536E+002
1324.0000,3.2007E+002
1325.0000,3.3669E+002
1326.0000,3.3742E+002
1327.0000,3.4172E+002
1328.0000,3.4891E+002
1329.0000,3.2271E+002
1330.0000,3.3285E+002
1331.0000,3.3501E+002
1332.0000,3.5448E+002
1333.0000,3.4685E+002
1334.0000,3.4183E+002
1335.0000,3.1818E+002
1336.0000,2.7623E+002
1337.0000,2.7780E+002
1338.0000,2.9675E+002
1339.0000,3.2915E+002
1340.0000,3.4129E+002
1341.0000,3.3202E+002
1342.0000,3.1944E+002
1343.0000,3.1995E+002
1344.0000,3.2767E+002
1345.0000,2.8299E+002
1346.0000,2.8778E+002
1347.0000,2.8440E+002
1348.0000,3.0101E+002
1349.0000,3.2828E+002
1350.0000,3.2400E+002
1351.0000,3.0079E+002
1352.0000,2.9498E+002
1353.0000,3.1702E+002
1354.0000,3.0972E+002
1355.0000,2.9075E+002
1356.0000,3.0434E+002
1357.0000,3.2198E+002
1358.0000,3.3943E+002
1359.0000,3.3396E+002
1360.0000,2.8802E+002
1361.0000,2.9849E+002
1362.0000,2.9963E+002
1363.0000,3.0578E+002
1364.0000,3.1275E+002
1365.0000,3.1638E+002
1366.0000,3.0288E+002
1367.0000,2.6769E+002
1368.0000,2.9913E+002
1369.0000,2.9138E+002
1370.0000,2.3646E+002
1371.0000,2.5134E+002
1372.0000,2.2464E+002
1373.0000,2.4165E+002
1374.0000,2.4771E+002
1375.0000,2.5969E+002
1376.0000,2.7068E+002
1377.0000,2.6528E+002
1378.0000,2.6946E+002
1379.0000,2.8120E+002
1380.0000,2.7502E+002
1381.0000,2.7861E+002
1382.0000,2.6652E+002
1383.0000,2.6394E+002
1384.0000,2.8891E+002
1385.0000,2.8144E+002
1386.0000,2.6827E+002
1387.0000,2.8782E+002
1388.0000,2.7776E+002
1389.0000,2.5853E+002
1390.0000,2.4550E+002
1391.0000,2.8451E+002
1392.0000,2.5765E+002
1393.0000,2.9199E+002
1394.0000,3.0819E+002
1395.0000,2.8749E+002
1396.0000,2.7295E+002
1397.0000,2.7474E+002
1398.0000,2.7210E+002
1399.0000,2.4330E+002
1400.0000,2.1841E+002
1401.0000,2.2105E+002
1402.0000,2.4518E+002
1403.0000,2.5440E+002
1404.0000,2.7356E+002
1405.0000,2.7882E+002
1406.0000,2.5806E+002
1407.0000,1.9880E+002
1408.0000,2.0637E+002
1409.0000,2.2619E+002
1410.0000,2.4778E+002
1411.0000,2.6103E+002
1412.0000,1.8606E+002
1413.0000,2.0755E+002
1414.0000,0.0000E+000
1415.0000,0.0000E+000
1416.0000,0.0000E+000
1417.0000,0.0000E+000
1418.0000,0.0000E+000
1419.0000,0.0000E+000
1420.0000,0.0000E+000
1421.0000,0.0000E+000
1422.0000,0.0000E+000
1423.0000,0.0000E+000
1424.0000,0.0000E+000
1425.0000,0.0000E+000
1426.0000,0.0000E+000
1427.0000,0.0000E+000
1428.0000,0.0000E+000
1429.0000,0.0000E+000
1430.0000,0.0000E+000
1431.0000,0.0000E+000
1432.0000,0.0000E+000
1433.0000,0.0000E+000
1434.0000,0.0000E+000
1435.0000,0.0000E+000
1436.0000,0.0000E+000
1437.0000,0.0000E+000
1438.0000,0.0000E+000
1439.0000,0.0000E+000
1440.0000,0.0000E+000
1441.0000,0.0000E+000
1442.0000,0.0000E+000
1443.0000,0.0000E+000
1444.0000,0.0000E+000
1445.0000,0.0000E+000
1446.0000,0.0000E+000
1447.0000,0.0000E+000
1448.0000,0.0000E+000
1449.0000,0.0000E+000
1450.0000,0.0000E+000
1451.0000,0.0000E+000
1452.0000,0.0000E+000
1453.0000,0.0000E+000
1454.0000,0.0000E+000
1455.0000,0.0000E+000
1456.0000,0.0000E+000
1457.0000,0.0000E+000
1458.0000,0.0000E+000
1459.0000,0.0000E+000
1460.0000,0.0000E+000
1461.0000,0.0000E+000
1462.0000,0.0000E+000
1463.0000,0.0000E+000
1464.0000,0.0000E+000
1465.0000,0.0000E+000
1466.0000,0.0000E+000
1467.0000,0.0000E+000
1468.0000,0.0000E+000
1469.0000,0.0000E+000
1470.0000,0.0000E+000
1471.0000,0.0000E+000
1472.0000,0.0000E+000
1473.0000,0.0000E+000
1474.0000,0.0000E+000
1475.0000,0.0000E+000
1476.0000,0.0000E+000
1477.0000,0.0000E+000
1478.0000,0.0000E+000
1479.0000,0.0000E+000
1480.0000,0.0000E+000
1481.0000,0.0000E+000
1482.0000,0.0000E+000
1483.0000,0.0000E+000
1484.0000,0.0000E+000
1485.0000,0.0000E+000
1486.0000,0.0000E+000
1487.0000,0.0000E+000
1488.0000,0.0000E+000
1489.0000,0.0000E+000
1490.0000,0.0000E+000
1491.0000,0.0000E+000
1492.0000,0.0000E+000
1493.0000,0.0000E+000
1494.0000,0.0000E+000
1495.0000,0.0000E+000
1496.0000,0.0000E+000
1497.0000,0.0000E+000
1498.0000,0.0000E+000
1499.0000,0.0000E+000
1500.0000,0.0000E+000
1501.0000,0.0000E+000
1502.0000,0.0000E+000
1503.0000,0.0000E+000
1504.0000,0.0000E+000
1505.0000,0.0000E+000
1506.0000,0.0000E+000
1507.0000,0.0000E+000
1508.0000,0.0000E+000
1509.0000,0.0000E+000
1510.0000,0.0000E+000
1511.0000,0.0000E+000
1512.0000,0.0000E+000
1513.0000,0.0000E+000
1514.0000,0.0000E+000
1515.0000,0.0000E+000
1516.0000,0.0000E+000
1517.0000,0.0000E+000
1518.0000,0.0000E+000
1519.0000,0.0000E+000
1520.0000,0.0000E+000
1521.0000,0.0000E+000
1522.0000,0.0000E+000
1523.0000,0.0000E+000
1524.0000,0.0000E+000
1525.0000,0.0000E+000
1526.0000,0.0000E+000
1527.0000,0.0000E+000
1528.0000,0.0000E+000
1529.0000,0.0000E+000
1530.0000,0.0000E+000
1531.0000,0.0000E+000
1532.0000,0.0000E+000
1533.0000,0.0000E+000
1534.0000,0.0000E+000
1535.0000,0.0000E+000
1536.0000,0.0000E+000
1537.0000,0.0000E+000
1538.0000,0.0000E+000
1539.0000,0.0000E+000
1540.0000,0.0000E+000
1541.0000,0.0000E+000
1542.0000,0.0000E+000
1543.0000,0.0000E+000
1544.0000,0.0000E+000
1545.0000,0.0000E+000
1546.0000,0.0000E+000
1547.0000,0.0000E+000
1548.0000,0.0000E+000
1549.0000,0.0000E+000
1550.0000,0.0000E+000
1551.0000,0.0000E+000
1552.0000,2.2897E+002
1553.0000,2.5700E+002
1554.0000,2.5323E+002
1555.0000,2.3629E+002
1556.0000,2.2802E+002
1557.0000,2.2880E+002
1558.0000,2.4244E+002
1559.0000,2.5420E+002
1560.0000,2.4992E+002
1561.0000,2.7686E+002
1562.0000,2.7662E+002
1563.0000,2.9722E+002
1564.0000,2.8842E+002
1565.0000,2.5655E+002
1566.0000,2.7014E+002
1567.0000,3.0099E+002
1568.0000,3.1145E+002
1569.0000,2.6486E+002
1570.0000,2.7759E+002
1571.0000,2.6386E+002
1572.0000,2.4862E+002
1573.0000,2.5076E+002
1574.0000,2.7357E+002
1575.0000,3.0330E+002
1576.0000,3.0522E+002
1577.0000,2.8473E+002
1578.0000,2.7178E+002
1579.0000,3.0030E+002
1580.0000,3.1366E+002
1581.0000,2.8698E+002
1582.0000,2.4918E+002
1583.0000,2.6527E+002
1584.0000,2.9548E+002
1585.0000,2.8437E+002
1586.0000,2.9799E+002
1587.0000,3.0767E+002
1588.0000,3.0072E+002
1589.0000,2.9867E+002
1590.0000,2.9450E+002
1591.0000,2.9911E+002
1592.0000,3.2135E+002
1593.0000,3.1090E+002
1594.0000,3.0372E+002
1595.0000,2.7588E+002
1596.0000,2.8366E+002
1597.0000,2.7715E+002
1598.0000,2.9027E+002
1599.0000,2.7704E+002
1600.0000,2.7535E+002
1601.0000,3.0131E+002
1602.0000,3.0369E+002
1603.0000,3.2401E+002
1604.0000,3.2108E+002
1605.0000,3.0115E+002
1606.0000,2.8002E+002
1607.0000,2.7357E+002
1608.0000,2.8058E+002
1609.0000,2.8557E+002
1610.0000,2.7935E+002
1611.0000,2.9312E+002
1612.0000,2.9489E+002
1613.0000,2.8745E+002
1614.0000,2.6989E+002
1615.0000,2.7915E+002
1616.0000,3.0810E+002
1617.0000,3.0404E+002
1618.0000,2.9390E+002
1619.0000,3.1664E+002
1620.0000,3.2782E+002
1621.0000,3.3922E+002
1622.0000,3.3427E+002
1623.0000,3.1608E+002
1624.0000,3.1913E+002
1625.0000,3.2956E+002
1626.0000,3.0805E+002
1627.0000,3.1927E+002
1628.0000,3.3749E+002
1629.0000,3.3162E+002
1630.0000,3.1218E+002
1631.0000,2.9161E+002
1632.0000,3.0124E+002
1633.0000,3.2761E+002
1634.0000,3.1688E+002
1635.0000,3.2517E+002
1636.0000,3.4505E+002
1637.0000,3.3209E+002
1638.0000,3.3353E+002
1639.0000,3.4102E+002
1640.0000,3.4310E+002
1641.0000,3.4767E+002
1642.0000,3.3076E+002
1643.0000,3.2081E+002
1644.0000,3.2984E+002
1645.0000,3.2959E+002
1646.0000,3.2439E+002
1647.0000,3.2099E+002
1648.0000,3.4224E+002
1649.0000,3.4078E+002
1650.0000,3.5358E+002
1651.0000,3.3801E+002
1652.0000,3.3629E+002
1653.0000,3.4634E+002
1654.0000,3.5356E+002
1655.0000,3.6135E+002
1656.0000,3.5004E+002
1657.0000,3.4782E+002
1658.0000,3.3164E+002
1659.0000,3.3113E+002
1660.0000,3.2944E+002
1661.0000,3.4957E+002
1662.0000,3.6058E+002
1663.0000,3.5365E+002
1664.0000,3.4971E+002
1665.0000,3.3058E+002
1666.0000,3.2459E+002
1667.0000,3.1377E+002
1668.0000,3.1110E+002
1669.0000,3.2311E+002
1670.0000,3.3448E+002
1671.0000,3.4913E+002
1672.0000,3.5220E+002
1673.0000,3.5131E+002
1674.0000,3.4548E+002
1675.0000,3.3935E+002
1676.0000,3.4182E+002
1677.0000,3.4198E+002
1678.0000,3.3337E+002
1679.0000,3.1810E+002
1680.0000,3.1566E+002
1681.0000,3.1945E+002
1682.0000,3.2064E+002
1683.0000,3.2177E+002
1684.0000,3.1166E+002
1685.0000,3.0917E+002
1686.0000,3.2280E+002
1687.0000,3.2405E+002
1688.0000,3.2016E+002
1689.0000,3.1281E+002
1690.0000,3.1336E+002
1691.0000,3.2115E+002
1692.0000,3.4701E+002
1693.0000,3.6057E+002
1694.0000,3.4150E+002
1695.0000,3.0804E+002
1696.0000,3.0629E+002
1697.0000,3.3186E+002
1698.0000,3.3302E+002
1699.0000,3.2823E+002
1700.0000,3.2655E+002
1701.0000,3.2108E+002
1702.0000,3.4042E+002
1703.0000,3.5509E+002
1704.0000,3.5820E+002
1705.0000,3.5217E+002
1706.0000,3.4628E+002
1707.0000,3.4088E+002
1708.0000,3.3292E+002
1709.0000,2.9911E+002
1710.0000,2.9623E+002
1711.0000,3.1714E+002
1712.0000,3.4172E+002
1713.0000,3.3852E+002
1714.0000,3.3049E+002
1715.0000,3.3582E+002
1716.0000,3.3689E+002
1717.0000,2.8822E+002
1718.0000,3.0148E+002
1719.0000,3.1407E+002
1720.0000,2.9838E+002
1721.0000,2.9730E+002
1722.0000,3.2238E+002
1723.0000,3.3008E+002
1724.0000,3.1451E+002
1725.0000,2.9407E+002
1726.0000,2.8458E+002
1727.0000,2.8529E+002
1728.0000,2.6990E+002
1729.0000,2.7534E+002
1730.0000,2.9797E+002
1731.0000,3.0279E+002
1732.0000,2.7274E+002
1733.0000,2.6784E+002
1734.0000,2.7591E+002
1735.0000,2.9719E+002
1736.0000,3.0203E+002
1737.0000,3.0533E+002
1738.0000,2.9773E+002
1739.0000,2.8852E+002
1740.0000,2.8574E+002
1741.0000,2.9278E+002
1742.0000,2.8846E+002
1743.0000,2.7999E+002
1744.0000,2.8544E+002
1745.0000,2.8681E+002
1746.0000,2.7929E+002
1747.0000,2.5119E+002
1748.0000,2.8836E+002
1749.0000,2.7103E+002
1750.0000,2.8063E+002
1751.0000,2.8170E+002
1752.0000,2.8059E+002
1753.0000,2.9503E+002
1754.0000,2.9159E+002
1755.0000,2.8499E+002
1756.0000,2.7055E+002
1757.0000,2.8788E+002
1758.0000,2.8461E+002
1759.0000,2.9173E+002
1760.0000,3.0320E+002
1761.0000,3.0066E+002
1762.0000,2.7034E+002
1763.0000,2.4648E+002
1764.0000,2.4896E+002
1765.0000,2.7313E+002
1766.0000,2.8346E+002
1767.0000,2.4512E+002
1768.0000,2.5919E+002
1769.0000,2.7185E+002
1770.0000,2.6539E+002
1771.0000,2.5287E+002
1772.0000,2.5446E+002
1773.0000,2.6537E+002
1774.0000,2.6773E+002
1775.0000,2.9138E+002
1776.0000,2.8709E+002
1777.0000,3.1035E+002
1778.0000,2.9484E+002
1779.0000,2.6965E+002
1780.0000,2.4327E+002
1781.0000,2.2512E+002
1782.0000,2.2162E+002
1783.0000,2.3588E+002
1784.0000,2.7794E+002
1785.0000,2.9936E+002
1786.0000,3.0322E+002
1787.0000,2.8872E+002
1788.0000,2.7879E+002
1789.0000,2.4868E+002
1790.0000,2.6164E+002
1791.0000,2.7185E+002
1792.0000,2.3085E+002
1793.0000,2.1591E+002
1794.0000,2.2121E+002
1795.0000,2.2603E+002
1796.0000,2.2372E+002
1797.0000,2.3028E+002
1798.0000,2.2971E+002
1799.0000,2.5412E+002
1800.0000,2.5441E+002
1801.0000,2.1796E+002
1802.0000,2.5313E+002
1803.0000,2.9093E+002
1804.0000,2.1573E+002
1805.0000,2.0952E+002
1806.0000,2.6207E+002
1807.0000,2.2161E+002
1808.0000,2.4167E+002
1809.0000,2.7045E+002
1810.0000,2.6023E+002
1811.0000,2.3893E+002
1812.0000,2.2493E+002
1813.0000,2.5572E+002
1814.0000,2.5558E+002
1815.0000,2.4880E+002
1816.0000,2.5749E+002
1817.0000,2.3704E+002
1818.0000,2.4191E+002
1819.0000,2.8288E+002
1820.0000,2.3452E+002
1821.0000,1.9203E+002
1822.0000,1.9167E+002
1823.0000,1.9835E+002
1824.0000,2.1072E+002
1825.0000,2.2528E+002
1826.0000,1.7993E+002
1827.0000,1.9195E+002
1828.0000,1.9364E+002
1829.0000,1.9644E+002
1830.0000,1.9284E+002
1831.0000,1.9577E+002
1832.0000,2.3845E+002
1833.0000,2.3026E+002
1834.0000,2.2503E+002
1835.0000,2.6712E+002
1836.0000,2.3322E+002
1837.0000,1.6808E+002
1838.0000,1.8134E+002
1839.0000,1.9718E+002
1840.0000,1.9056E+002
1841.0000,1.6861E+002
1842.0000,1.7463E+002
1843.0000,1.9174E+002
1844.0000,2.0072E+002
1845.0000,2.0045E+002
1846.0000,2.2598E+002
1847.0000,2.2102E+002
1848.0000,2.1515E+002
1849.0000,2.2560E+002
1850.0000,2.1310E+002
1851.0000,2.4201E+002
1852.0000,2.2303E+002
1853.0000,2.6091E+002
1854.0000,2.3711E+002
1855.0000,2.8673E+002
1856.0000,2.2568E+002
1857.0000,2.3883E+002
1858.0000,2.4973E+002
1859.0000,2.4047E+002
1860.0000,1.8372E+002
1861.0000,1.9878E+002
1862.0000,1.9906E+002
1863.0000,2.2929E+002
1864.0000,2.4973E+002
1865.0000,2.1344E+002
1866.0000,2.1312E+002
1867.0000,2.1674E+002
1868.0000,2.3252E+002
1869.0000,2.6774E+002
1870.0000,2.5346E+002
1871.0000,2.0565E+002
1872.0000,2.1739E+002
1873.0000,2.3582E+002
1874.0000,2.2841E+002
1875.0000,2.2709E+002
1876.0000,2.2325E+002
1877.0000,2.0785E+002
1878.0000,2.2782E+002
1879.0000,2.2856E+002
1880.0000,2.3823E+002
1881.0000,2.6259E+002
1882.0000,2.3452E+002
1883.0000,2.2284E+002
1884.0000,2.1992E+002
1885.0000,2.6043E+002
1886.0000,2.5388E+002
1887.0000,2.1001E+002
1888.0000,2.2082E+002
1889.0000,2.7018E+002
1890.0000,2.7259E+002
1891.0000,1.9777E+002
1892.0000,1.6482E+002
1893.0000,1.8501E+002
1894.0000,2.1711E+002
1895.0000,2.1098E+002
1896.0000,2.1553E+002
1897.0000,2.5828E+002
1898.0000,2.7075E+002
1899.0000,2.5030E+002
1900.0000,2.5199E+002
1901.0000,2.6847E+002
1902.0000,2.7105E+002
1903.0000,2.4662E+002
1904.0000,1.9956E+002
1905.0000,2.3108E+002
1906.0000,2.2306E+002
1907.0000,2.3153E+002
1908.0000,2.4331E+002
1909.0000,2.4092E+002
1910.0000,2.0401E+002
1911.0000,2.3240E+002
1912.0000,2.5347E+002
1913.0000,2.4050E+002
1914.0000,2.6907E+002
1915.0000,2.5795E+002
1916.0000,2.4217E+002
1917.0000,2.2961E+002
1918.0000,2.4559E+002
1919.0000,2.5899E+002
1920.0000,2.5655E+002
1921.0000,2.9933E+002
1922.0000,2.8857E+002
1923.0000,2.5646E+002
1924.0000,2.5439E+002
1925.0000,2.6872E+002
1926.0000,2.7403E+002
1927.0000,2.6639E+002
1928.0000,2.6330E+002
1929.0000,2.4810E+002
1930.0000,2.5158E+002
1931.0000,2.7874E+002
1932.0000,2.9933E+002
1933.0000,2.7195E+002
1934.0000,2.7676E+002
1935.0000,2.8490E+002
1936.0000,2.8713E+002
1937.0000,2.8047E+002
1938.0000,2.6784E+002
1939.0000,2.4556E+002
1940.0000,2.1926E+002
1941.0000,2.2523E+002
1942.0000,2.5086E+002
1943.0000,2.5059E+002
1944.0000,2.5129E+002
1945.0000,2.6079E+002
1946.0000,2.7872E+002
1947.0000,2.5773E+002
1948.0000,2.4778E+002
1949.0000,2.4284E+002
1950.0000,2.6047E+002
1951.0000,2.7590E+002
1952.0000,2.8769E+002
1953.0000,3.0892E+002
1954.0000,3.2996E+002
1955.0000,3.1800E+002
1956.0000,3.1235E+002
1957.0000,3.1144E+002
1958.0000,2.9779E+002
1959.0000,2.7828E+002
1960.0000,2.9199E+002
1961.0000,2.6141E+002
1962.0000,3.1241E+002
1963.0000,2.9822E+002
1964.0000,2.7082E+002
1965.0000,2.8536E+002
1966.0000,3.1223E+002
1967.0000,2.9833E+002
1968.0000,2.7547E+002
1969.0000,2.7780E+002
1970.0000,2.8441E+002
1971.0000,3.1989E+002
1972.0000,3.1050E+002
1973.0000,3.2065E+002
1974.0000,3.2651E+002
1975.0000,3.0209E+002
1976.0000,2.9085E+002
1977.0000,2.9246E+002
1978.0000,2.8983E+002
1979.0000,2.8531E+002
1980.0000,2.8335E+002
1981.0000,2.8465E+002
1982.0000,3.0546E+002
1983.0000,3.1202E+002
1984.0000,2.9571E+002
1985.0000,2.8533E+002
1986.0000,3.1702E+002
1987.0000,3.1573E+002
1988.0000,3.2571E+002
1989.0000,3.0462E+002
1990.0000,3.1147E+002
1991.0000,3.1770E+002
1992.0000,3.2669E+002
1993.0000,3.1830E+002
1994.0000,3.0993E+002
1995.0000,3.1159E+002
1996.0000,3.3436E+002
1997.0000,3.3419E+002
1998.0000,3.1380E+002
1999.0000,2.8336E+002
2000.0000,2.9918E+002
2001.0000,3.2667E+002
2002.0000,3.3359E+002
2003.0000,3.1006E+002
2004.0000,3.0963E+002
2005.0000,3.1323E+002
2006.0000,2.9760E+002
2007.0000,3.0347E+002
2008.0000,3.0239E+002
2009.0000,3.2457E+002
2010.0000,3.1704E+002
2011.0000,3.4103E+002
2012.0000,3.5192E+002
2013.0000,3.3835E+002
2014.0000,3.4818E+002
2015.0000,3.5434E+002
2016.0000,3.3611E+002
2017.0000,3.4195E+002
2018.0000,3.3124E+002
2019.0000,3.3967E+002
2020.0000,3.5284E+002
2021.0000,3.5014E+002
2022.0000,3.4608E+002
2023.0000,3.5582E+002
2024.0000,3.7234E+002
2025.0000,3.6389E+002
2026.0000,3.5029E+002
2027.0000,3.4891E+002
2028.0000,3.3745E+002
2029.0000,3.3729E+002
2030.0000,3.5802E+002
2031.0000,3.6217E+002
2032.0000,3.6949E+002
2033.0000,3.3457E+002
2034.0000,3.4319E+002
2035.0000,3.5518E+002
2036.0000,3.1972E+002
2037.0000,3.0109E+002
2038.0000,2.9675E+002
2039.0000,3.3415E+002
2040.0000,3.5390E+002
2041.0000,3.5850E+002
2042.0000,3.5134E+002
2043.0000,3.0847E+002
2044.0000,2.9269E+002
2045.0000,3.2460E+002
2046.0000,3.4351E+002
2047.0000,3.0932E+002
2048.0000,3.0802E+002
2049.0000,3.1896E+002
2050.0000,3.3828E+002
2051.0000,3.4807E+002
2052.0000,3.5182E+002
2053.0000,3.2611E+002
2054.0000,3.1389E+002
2055.0000,3.3977E+002
2056.0000,3.4506E+002
2057.0000,3.3257E+002
2058.0000,3.3599E+002
2059.0000,3.4842E+002
2060.0000,3.3307E+002
2061.0000,3.1570E+002
2062.0000,3.3457E+002
2063.0000,3.5289E+002
2064.0000,3.3212E+002
2065.0000,3.4314E+002
2066.0000,3.2415E+002
2067.0000,3.2100E+002
2068.0000,3.1172E+002
2069.0000,3.3928E+002
2070.0000,3.2148E+002
2071.0000,3.3913E+002
2072.0000,3.3948E+002
2073.0000,3.1102E+002
2074.0000,3.1331E+002
2075.0000,2.8876E+002
2076.0000,2.8791E+002
2077.0000,2.8964E+002
2078.0000,2.8984E+002
2079.0000,2.9964E+002
2080.0000,2.9662E+002
2081.0000,3.1086E+002
2082.0000,3.0318E+002
2083.0000,2.9546E+002
2084.0000,2.9251E+002
2085.0000,3.0091E+002
2086.0000,2.8545E+002
2087.0000,2.9669E+002
2088.0000,2.9915E+002
2089.0000,3.0128E+002
2090.0000,3.0038E+002
2091.0000,3.1534E+002
2092.0000,3.1605E+002
2093.0000,2.7099E+002
2094.0000,2.6272E+002
2095.0000,2.6574E+002
2096.0000,2.5691E+002
2097.0000,2.6738E+002
2098.0000,2.7479E+002
2099.0000,2.6805E+002
2100.0000,2.7685E+002
2101.0000,2.7041E+002
2102.0000,2.7901E+002
2103.0000,2.9233E+002
2104.0000,2.8230E+002
2105.0000,2.9496E+002
2106.0000,2.8732E+002
2107.0000,2.7880E+002
2108.0000,2.3217E+002
2109.0000,2.3682E+002
2110.0000,2.3992E+002
2111.0000,2.4623E+002
2112.0000,2.7762E+002
2113.0000,2.9013E+002
2114.0000,2.6155E+002
2115.0000,2.5138E+002
2116.0000,2.4452E+002
2117.0000,2.4830E+002
2118.0000,2.6854E+002
2119.0000,2.6028E+002
2120.0000,2.3066E+002
2121.0000,2.3007E+002
2122.0000,2.6406E+002
2123.0000,3.0541E+002
2124.0000,2.5685E+002
2125.0000,2.6767E+002
2126.0000,2.8271E+002
2127.0000,2.5646E+002
2128.0000,2.3369E+002
2129.0000,2.5353E+002
2130.0000,2.3344E+002
2131.0000,2.6058E+002
2132.0000,3.0130E+002
2133.0000,2.4229E+002
2134.0000,2.3003E+002
2135.0000,2.3982E+002
2136.0000,2.4809E+002
2137.0000,2.4824E+002
2138.0000,2.8290E+002
2139.0000,3.1777E+002
2140.0000,3.1660E+002
2141.0000,3.1106E+002
2142.0000,2.8619E+002
2143.0000,2.9258E+002
2144.0000,2.5423E+002
2145.0000,2.4835E+002
2146.0000,2.4739E+002
2147.0000,2.2445E+002
2148.0000,2.1600E+002
2149.0000,2.3878E+002
2150.0000,2.8359E+002
2151.0000,2.9137E+002
2152.0000,2.8178E+002
2153.0000,2.5358E+002
2154.0000,2.2661E+002
2155.0000,2.4173E+002
2156.0000,2.4184E+002
2157.0000,2.7012E+002
2158.0000,2.6483E+002
2159.0000,2.6453E+002
2160.0000,2.3450E+002
2161.0000,2.0684E+002
2162.0000,2.3176E+002
2163.0000,2.3703E+002
2164.0000,0.0000E+000
2165.0000,0.0000E+000
2166.0000,0.0000E+000
2167.0000,0.0000E+000
2168.0000,0.0000E+000
2169.0000,0.0000E+000
2170.0000,0.0000E+000
2171.0000,0.0000E+000
2172.0000,0.0000E+000
2173.0000,0.0000E+000
2174.0000,0.0000E+000
2175.0000,0.0000E+000
2176.0000,0.0000E+000
2177.0000,0.0000E+000
2178.0000,0.0000E+000
2179.0000,0.0000E+000
2180.0000,0.0000E+000
2181.0000,0.0000E+000
2182.0000,0.0000E+000
2183.0000,0.0000E+000
2184.0000,0.0000E+000
2185.0000,0.0000E+000
2186.0000,0.0000E+000
2187.0000,0.0000E+000
2188.0000,0.0000E+000
2189.0000,0.0000E+000
2190.0000,0.0000E+000
2191.0000,0.0000E+000
2192.0000,0.0000E+000
