"",77.800
30.0000,0.0000E+000
31.0000,-8.5217E+001
32.0000,-6.9935E+001
33.0000,-6.0465E+001
34.0000,-4.2859E+001
35.0000,-5.3797E+001
36.0000,-6.8515E+001
37.0000,0.0000E+000
38.0000,0.0000E+000
39.0000,0.0000E+000
40.0000,0.0000E+000
41.0000,0.0000E+000
42.0000,0.0000E+000
43.0000,0.0000E+000
44.0000,0.0000E+000
45.0000,0.0000E+000
46.0000,0.0000E+000
47.0000,0.0000E+000
48.0000,0.0000E+000
49.0000,0.0000E+000
50.0000,0.0000E+000
51.0000,0.0000E+000
52.0000,0.0000E+000
53.0000,0.0000E+000
54.0000,0.0000E+000
55.0000,0.0000E+000
56.0000,0.0000E+000
57.0000,0.0000E+000
58.0000,0.0000E+000
59.0000,0.0000E+000
60.0000,0.0000E+000
61.0000,0.0000E+000
62.0000,0.0000E+000
63.0000,0.0000E+000
64.0000,0.0000E+000
65.0000,0.0000E+000
66.0000,0.0000E+000
67.0000,0.0000E+000
68.0000,1.3073E+001
69.0000,2.4066E+001
70.0000,1.3321E+001
71.0000,2.2193E+000
72.0000,6.8837E-001
73.0000,0.0000E+000
74.0000,0.0000E+000
75.0000,0.0000E+000
76.0000,0.0000E+000
77.0000,3.7376E+000
78.0000,1.1643E+001
79.0000,1.9881E+001
80.0000,3.9510E+001
81.0000,6.2931E+001
82.0000,3.9500E+001
83.0000,5.7780E+001
84.0000,6.4234E+001
85.0000,4.9610E+001
86.0000,8.7035E+000
87.0000,3.4316E+000
88.0000,7.5882E+000
89.0000,9.5025E+000
90.0000,1.3884E+001
91.0000,1.3070E+001
92.0000,8.1170E+000
93.0000,7.7094E+000
94.0000,3.8168E+000
95.0000,-1.5000E+001
96.0000,-9.4383E+000
97.0000,-1.7875E+000
98.0000,-2.4791E+000
99.0000,-1.1844E+001
100.0000,-1.6620E+001
101.0000,-4.8439E+000
102.0000,-5.4768E+000
103.0000,-1.5669E+000
104.0000,2.3001E+000
105.0000,4.6242E+000
106.0000,6.9256E+000
107.0000,-3.8550E+000
108.0000,-1.3737E+001
109.0000,-1.2483E+001
110.0000,-1.3465E+001
111.0000,-6.4045E+000
112.0000,-9.9039E-001
113.0000,1.0279E+001
114.0000,1.4735E+001
115.0000,1.3320E+001
116.0000,2.9266E+000
117.0000,4.6821E+000
118.0000,3.2310E+000
119.0000,-7.3980E-001
120.0000,-1.1524E+001
121.0000,-1.3335E+001
122.0000,-2.3855E+001
123.0000,-2.4992E+001
124.0000,-1.9543E+001
125.0000,-1.5082E+001
126.0000,-2.2437E+001
127.0000,-3.4168E+001
128.0000,-2.2527E+001
129.0000,-2.8492E+001
130.0000,-2.8759E+001
131.0000,-3.0204E+001
132.0000,-2.3662E+001
133.0000,-2.6533E+001
134.0000,-2.1860E+001
135.0000,-1.3707E+001
136.0000,-1.5378E+001
137.0000,-1.2272E+001
138.0000,-1.9762E+001
139.0000,-1.6268E+001
140.0000,-1.4672E+001
141.0000,-6.8518E+000
142.0000,-7.2133E+000
143.0000,-3.5446E+000
144.0000,-5.4548E+000
145.0000,-5.1458E+000
146.0000,-1.6527E+001
147.0000,-1.9387E+001
148.0000,-1.8946E+001
149.0000,-1.4726E+001
150.0000,-3.4543E+001
151.0000,-3.2288E+001
152.0000,-9.9364E+000
153.0000,-1.2085E+001
154.0000,-2.4834E+001
155.0000,-2.9925E+001
156.0000,-8.4815E+000
157.0000,-1.0975E+001
158.0000,-2.3001E+001
159.0000,-2.6078E+001
160.0000,-3.4611E+001
161.0000,-3.6947E+001
162.0000,-3.2960E+001
163.0000,-1.5442E+001
164.0000,-2.4710E+001
165.0000,-1.5754E+001
166.0000,-1.8616E+001
167.0000,-2.1508E+001
168.0000,-2.8622E+001
169.0000,-3.5801E+001
170.0000,-1.2244E+001
171.0000,-1.4918E+001
172.0000,-2.4999E+001
173.0000,-3.4087E+001
174.0000,-2.5817E+001
175.0000,-2.7807E+001
176.0000,-2.1459E+001
177.0000,-1.6073E+001
178.0000,-1.4534E+001
179.0000,-2.0756E+001
180.0000,-2.6638E+001
181.0000,-2.9663E+001
182.0000,-3.1212E+001
183.0000,-2.5465E+001
184.0000,-2.7871E+001
185.0000,-2.9762E+001
186.0000,-1.1445E+001
187.0000,-1.4753E+001
188.0000,-2.1171E+001
189.0000,-2.3842E+001
190.0000,-1.6218E+001
191.0000,-8.4447E+000
192.0000,-1.6649E+001
193.0000,-2.0822E+001
194.0000,-2.0598E+001
195.0000,-2.2047E+001
196.0000,-3.5495E+001
197.0000,-1.8929E+001
198.0000,-1.4392E+001
199.0000,-1.1437E+001
200.0000,-1.8382E+001
201.0000,-1.6675E+001
202.0000,-1.9575E+001
203.0000,-1.8566E+001
204.0000,-2.2096E+001
205.0000,-1.7553E+001
206.0000,-5.9104E+000
207.0000,-1.0413E+001
208.0000,-1.2803E+001
209.0000,-1.5476E+001
210.0000,-1.5525E+001
211.0000,-1.5222E+001
212.0000,-2.5927E+001
213.0000,-1.5234E+001
214.0000,-2.4469E+001
215.0000,-3.2017E+001
216.0000,-1.8331E+001
217.0000,-2.6921E+001
218.0000,-2.9545E+001
219.0000,-1.6692E+001
220.0000,-2.5087E+001
221.0000,-2.7625E+001
222.0000,-3.1078E+001
223.0000,-2.5354E+001
224.0000,-2.1763E+001
225.0000,-2.9097E+001
226.0000,-1.4791E+001
227.0000,-1.8739E+001
228.0000,-1.7972E+001
229.0000,-1.4217E+001
230.0000,-3.6195E+000
231.0000,-1.5685E+001
232.0000,-1.3239E+001
233.0000,-1.2842E+001
234.0000,-1.9641E+001
235.0000,-1.9715E+001
236.0000,-2.1496E+001
237.0000,-1.5291E+001
238.0000,-7.3959E+000
239.0000,-1.5211E+001
240.0000,-2.6043E+001
241.0000,-1.4507E+001
242.0000,-6.0272E+000
243.0000,-1.5592E+001
244.0000,-2.3331E+001
245.0000,-3.4927E+001
246.0000,-2.3965E+001
247.0000,-3.0993E+001
248.0000,-3.2011E+001
249.0000,-2.9991E+001
250.0000,-3.9453E+001
251.0000,-1.0916E+001
252.0000,-2.5669E+001
253.0000,-3.4844E+001
254.0000,-4.4099E+001
255.0000,-2.3896E+001
256.0000,-2.0921E+001
257.0000,-3.6186E+000
258.0000,-1.6416E+001
259.0000,-2.8066E+001
260.0000,-1.9792E+001
261.0000,-1.3630E+001
262.0000,-2.0200E+001
263.0000,-1.0799E+001
264.0000,-8.5412E+000
265.0000,-1.8292E+001
266.0000,-3.2071E+001
267.0000,-3.3843E+001
268.0000,-1.4284E+001
269.0000,-1.8760E+001
270.0000,-4.5475E+001
271.0000,-4.3903E+001
272.0000,-3.8825E+001
273.0000,-1.9738E+001
274.0000,-2.6987E+001
275.0000,-3.1388E+001
276.0000,-9.6907E+000
277.0000,-1.6693E+001
278.0000,-2.2424E+001
279.0000,-1.1941E+001
280.0000,-1.3709E+001
281.0000,-1.9941E+001
282.0000,-2.7948E+001
283.0000,-4.0419E+001
284.0000,-3.0162E+001
285.0000,-2.2100E+001
286.0000,-3.2195E+001
287.0000,-1.5413E+001
288.0000,-2.7179E+000
289.0000,-1.3104E+001
290.0000,-3.0648E+000
291.0000,-1.0470E+001
292.0000,-1.6272E+001
293.0000,-3.3782E+001
294.0000,-9.5560E+000
295.0000,-3.3619E+001
296.0000,-3.7195E+001
297.0000,-1.6459E+001
298.0000,-2.0603E+001
299.0000,-3.3331E+001
300.0000,-3.0145E+001
301.0000,-4.5864E+001
302.0000,-4.5452E+001
303.0000,-5.4820E+001
304.0000,-4.9733E+001
305.0000,-3.4863E+001
306.0000,-1.8991E+001
307.0000,-2.2707E+001
308.0000,-1.1572E+001
309.0000,-3.5664E+001
310.0000,-1.1928E+001
311.0000,-2.1550E+001
312.0000,-3.9766E+001
313.0000,-3.8365E+001
314.0000,-5.3425E+001
315.0000,-5.4857E+001
316.0000,-1.8321E+001
317.0000,-2.0317E+001
318.0000,-3.9260E+001
319.0000,-2.5841E+001
320.0000,-3.3244E+001
321.0000,-1.1459E+001
322.0000,-2.6130E+001
323.0000,-3.1820E+001
324.0000,-2.5209E+001
325.0000,-3.3101E+001
326.0000,-3.5520E+001
327.0000,-4.0084E+001
328.0000,-2.6481E+001
329.0000,-1.8560E+001
330.0000,-2.2653E+000
331.0000,-1.9996E+001
332.0000,-2.2350E+001
333.0000,-1.8962E+001
334.0000,-1.2980E+001
335.0000,-2.4039E+001
336.0000,-1.7413E+001
337.0000,-6.1763E+000
338.0000,-2.6374E+000
339.0000,-1.1360E+001
340.0000,-1.3523E+001
341.0000,-1.8655E+001
342.0000,-3.2627E+001
343.0000,-2.6182E+001
344.0000,-2.4346E+001
345.0000,-3.9643E+001
346.0000,-4.3072E+001
347.0000,-2.7175E+001
348.0000,-2.8640E+001
349.0000,0.0000E+000
350.0000,0.0000E+000
351.0000,0.0000E+000
352.0000,0.0000E+000
353.0000,0.0000E+000
354.0000,0.0000E+000
355.0000,0.0000E+000
356.0000,0.0000E+000
357.0000,0.0000E+000
358.0000,0.0000E+000
359.0000,0.0000E+000
360.0000,0.0000E+000
361.0000,0.0000E+000
362.0000,0.0000E+000
363.0000,0.0000E+000
364.0000,0.0000E+000
365.0000,0.0000E+000
366.0000,0.0000E+000
367.0000,0.0000E+000
368.0000,0.0000E+000
369.0000,0.0000E+000
370.0000,0.0000E+000
371.0000,0.0000E+000
372.0000,0.0000E+000
373.0000,0.0000E+000
374.0000,0.0000E+000
375.0000,0.0000E+000
376.0000,0.0000E+000
377.0000,0.0000E+000
378.0000,0.0000E+000
379.0000,0.0000E+000
380.0000,0.0000E+000
381.0000,0.0000E+000
382.0000,0.0000E+000
383.0000,0.0000E+000
384.0000,0.0000E+000
385.0000,0.0000E+000
386.0000,0.0000E+000
387.0000,0.0000E+000
388.0000,0.0000E+000
389.0000,0.0000E+000
390.0000,0.0000E+000
391.0000,0.0000E+000
392.0000,0.0000E+000
393.0000,0.0000E+000
394.0000,0.0000E+000
395.0000,0.0000E+000
396.0000,0.0000E+000
397.0000,0.0000E+000
398.0000,0.0000E+000
399.0000,0.0000E+000
400.0000,0.0000E+000
401.0000,0.0000E+000
402.0000,0.0000E+000
403.0000,0.0000E+000
404.0000,0.0000E+000
405.0000,0.0000E+000
406.0000,1.3389E+000
407.0000,0.0000E+000
408.0000,0.0000E+000
409.0000,0.0000E+000
410.0000,0.0000E+000
411.0000,0.0000E+000
412.0000,0.0000E+000
413.0000,0.0000E+000
414.0000,0.0000E+000
415.0000,0.0000E+000
416.0000,0.0000E+000
417.0000,0.0000E+000
418.0000,0.0000E+000
419.0000,0.0000E+000
420.0000,0.0000E+000
421.0000,0.0000E+000
422.0000,0.0000E+000
423.0000,0.0000E+000
424.0000,0.0000E+000
425.0000,0.0000E+000
426.0000,0.0000E+000
427.0000,0.0000E+000
428.0000,0.0000E+000
429.0000,0.0000E+000
430.0000,0.0000E+000
431.0000,3.0110E+000
432.0000,1.6323E+001
433.0000,2.9030E+001
434.0000,1.5012E+000
435.0000,0.0000E+000
436.0000,7.2413E+000
437.0000,8.0671E+000
438.0000,7.0197E+000
439.0000,0.0000E+000
440.0000,0.0000E+000
441.0000,0.0000E+000
442.0000,0.0000E+000
443.0000,0.0000E+000
444.0000,0.0000E+000
445.0000,0.0000E+000
446.0000,0.0000E+000
447.0000,2.7067E+000
448.0000,2.2160E+000
449.0000,0.0000E+000
450.0000,0.0000E+000
451.0000,2.2078E+000
452.0000,1.0423E+000
453.0000,0.0000E+000
454.0000,1.6999E+000
455.0000,1.9048E-001
456.0000,2.5587E+000
457.0000,1.3549E+001
458.0000,2.5930E+000
459.0000,0.0000E+000
460.0000,1.7667E+000
461.0000,4.7541E+000
462.0000,2.0568E+001
463.0000,6.5145E+000
464.0000,0.0000E+000
465.0000,0.0000E+000
466.0000,0.0000E+000
467.0000,0.0000E+000
468.0000,0.0000E+000
469.0000,0.0000E+000
470.0000,3.6096E+000
471.0000,8.4280E-001
472.0000,4.7448E+000
473.0000,1.8145E+000
474.0000,2.9407E+000
475.0000,7.0561E+000
476.0000,1.4225E+001
477.0000,1.0362E+001
478.0000,0.0000E+000
479.0000,0.0000E+000
480.0000,0.0000E+000
481.0000,0.0000E+000
482.0000,1.5065E+000
483.0000,4.4078E+000
484.0000,2.0905E+001
485.0000,3.7293E+001
486.0000,2.3106E+001
487.0000,1.1063E+001
488.0000,1.8303E+001
489.0000,2.0827E+001
490.0000,2.2911E+001
491.0000,3.7555E+001
492.0000,2.6093E+001
493.0000,1.2625E+001
494.0000,4.6878E+000
495.0000,-6.3396E+000
496.0000,-5.8753E+000
497.0000,-6.1275E+000
498.0000,-3.0419E+000
499.0000,1.8592E-001
500.0000,4.1053E-002
501.0000,-1.1822E+000
502.0000,-1.5377E+000
503.0000,-8.7684E-001
504.0000,-1.9365E-002
505.0000,-4.1940E+000
506.0000,-4.8217E+000
507.0000,-3.8601E+000
508.0000,-6.1254E+000
509.0000,-9.8631E+000
510.0000,-2.8436E+001
511.0000,-4.0355E+001
512.0000,-2.9751E+001
513.0000,-2.0955E+001
514.0000,-1.8326E+001
515.0000,-5.5467E+000
516.0000,-1.1875E+001
517.0000,-2.2993E+001
518.0000,-1.9580E+001
519.0000,-8.2944E+000
520.0000,-2.8456E+000
521.0000,-4.1197E+000
522.0000,-2.1923E+001
523.0000,-2.9341E+001
524.0000,-2.5587E+001
525.0000,-1.6894E+001
526.0000,-1.5924E+001
527.0000,-1.2230E+001
528.0000,-6.6443E+000
529.0000,-5.0169E+000
530.0000,-9.2492E+000
531.0000,-1.7531E+001
532.0000,-1.6852E+001
533.0000,-1.9039E+001
534.0000,-2.8115E+001
535.0000,-3.0262E+001
536.0000,-2.5775E+001
537.0000,-2.0626E+001
538.0000,-1.0440E+001
539.0000,-7.0467E+000
540.0000,-8.7343E+000
541.0000,-7.8720E+000
542.0000,-9.4641E+000
543.0000,-3.2757E+000
544.0000,-1.5283E+001
545.0000,-1.1936E+001
546.0000,-6.9632E+000
547.0000,-1.7670E+001
548.0000,-2.2441E+001
549.0000,-2.8963E+001
550.0000,-2.4805E+001
551.0000,-2.0058E+001
552.0000,-1.5434E+001
553.0000,-1.9452E+001
554.0000,-1.5358E+001
555.0000,-2.2669E+001
556.0000,-1.3839E+001
557.0000,-1.4520E+001
558.0000,-1.0260E+001
559.0000,-1.0250E+001
560.0000,-1.3671E+001
561.0000,-1.5135E+001
562.0000,-1.5799E+001
563.0000,-1.4968E+001
564.0000,-1.0559E+001
565.0000,-1.3497E+001
566.0000,-4.9086E+000
567.0000,-1.0700E+001
568.0000,-2.0102E+001
569.0000,-2.4706E+001
570.0000,-3.1955E+001
571.0000,-3.5275E+001
572.0000,-2.8319E+001
573.0000,-2.2007E+001
574.0000,-3.4110E+001
575.0000,-2.9287E+001
576.0000,-3.1549E+001
577.0000,-2.5657E+001
578.0000,-3.2372E+001
579.0000,-2.7190E+001
580.0000,-2.7303E+001
581.0000,-1.7012E+001
582.0000,-1.9548E+001
583.0000,-1.2195E+001
584.0000,-1.6431E+001
585.0000,-1.7429E+001
586.0000,-3.3065E+001
587.0000,-4.9145E+001
588.0000,-3.9786E+001
589.0000,-2.5844E+001
590.0000,-1.1031E+001
591.0000,-2.6814E+001
592.0000,-2.1361E+001
593.0000,-1.5013E+001
594.0000,-2.0843E+001
595.0000,-2.0669E+001
596.0000,-1.7283E+001
597.0000,-2.4033E+001
598.0000,-2.6649E+001
599.0000,-3.1137E+001
600.0000,-1.6152E+001
601.0000,-1.6273E+001
602.0000,-2.3946E+001
603.0000,-3.7882E+001
604.0000,-3.6029E+001
605.0000,-1.8986E+001
606.0000,-2.3433E+001
607.0000,-2.0994E+001
608.0000,-2.2188E+001
609.0000,-1.6357E+001
610.0000,-3.1259E+001
611.0000,-9.6877E+000
612.0000,-1.9232E+001
613.0000,-1.1775E+001
614.0000,-2.0277E+001
615.0000,-3.3444E+001
616.0000,-4.0310E+001
617.0000,-2.2025E+001
618.0000,-2.7775E+001
619.0000,-2.8027E+001
620.0000,-1.4869E+001
621.0000,-1.4836E+001
622.0000,-1.0420E+001
623.0000,-3.0583E+001
624.0000,-4.5388E+001
625.0000,-3.5595E+001
626.0000,-2.5038E+001
627.0000,-3.3318E+001
628.0000,-1.0758E+001
629.0000,-2.0227E+001
630.0000,-3.1950E+001
631.0000,-1.2932E+001
632.0000,-2.4210E+001
633.0000,-3.6409E+000
634.0000,-7.7375E+000
635.0000,-3.1310E+001
636.0000,-6.5544E+001
637.0000,-7.3821E+001
638.0000,-3.9826E+001
639.0000,-1.1404E+001
640.0000,-2.1034E+001
641.0000,-1.0079E+000
642.0000,-2.2898E+000
643.0000,-9.7164E+000
644.0000,-2.3399E+001
645.0000,-2.9976E+001
646.0000,-2.7269E+001
647.0000,-1.9869E+001
648.0000,-2.4687E+001
649.0000,-2.6861E+001
650.0000,-2.0258E+001
651.0000,-1.0549E+001
652.0000,-1.7383E+001
653.0000,1.9601E-001
654.0000,-5.6372E+000
655.0000,-7.4776E+000
656.0000,-1.7332E+001
657.0000,-1.6950E+001
658.0000,-9.7187E+000
659.0000,-1.3589E+001
660.0000,-1.6082E+001
661.0000,-1.7099E+001
662.0000,-1.5857E+001
663.0000,-1.7747E+001
664.0000,-1.2124E+001
665.0000,-1.8829E+001
666.0000,-2.6686E+001
667.0000,-2.8899E+001
668.0000,-1.2035E+001
669.0000,-3.0989E+001
670.0000,-1.9339E+001
671.0000,-1.6514E+001
672.0000,-4.4566E+001
673.0000,-4.0047E+001
674.0000,-6.8620E+000
675.0000,-1.2970E+001
676.0000,-1.7865E+001
677.0000,-1.8465E+001
678.0000,-1.4517E+001
679.0000,-3.0164E+000
680.0000,-1.3961E+001
681.0000,-1.3294E+001
682.0000,-1.1072E+001
683.0000,-1.8733E+001
684.0000,-2.4471E+001
685.0000,-2.4197E+001
686.0000,-3.7261E+001
687.0000,-2.8227E+001
688.0000,-2.9433E+001
689.0000,-3.9454E+001
690.0000,-5.0903E+001
691.0000,-4.7576E+001
692.0000,-3.1925E+001
693.0000,-3.7090E+001
694.0000,-5.3313E+000
695.0000,-5.3392E+001
696.0000,-4.0661E+001
697.0000,-3.4530E+001
698.0000,-8.5682E+000
699.0000,-1.7534E+001
700.0000,-3.7128E+001
701.0000,-2.1032E+001
702.0000,-1.9778E+001
703.0000,-6.0802E+001
704.0000,-3.5830E+001
705.0000,-2.6832E+001
706.0000,-2.9311E+001
707.0000,-2.9705E+001
708.0000,-3.5325E+001
709.0000,-3.8277E+001
710.0000,-4.8209E+001
711.0000,-4.6712E+001
712.0000,-3.1396E+001
713.0000,-4.6458E+001
714.0000,-5.0224E+001
715.0000,-5.2502E+001
716.0000,-3.2351E+001
717.0000,-2.8852E+001
718.0000,-2.1414E+001
719.0000,-2.4755E+001
720.0000,-1.7752E+001
721.0000,-1.1752E+001
722.0000,-1.3859E+001
723.0000,-2.1846E+001
724.0000,-2.3445E+001
725.0000,-2.9989E+001
726.0000,-1.7977E+001
727.0000,-2.1474E+001
728.0000,-1.3756E+001
729.0000,-1.1143E+001
730.0000,-1.9401E+001
731.0000,-3.0222E+001
732.0000,-2.0354E+001
733.0000,-2.9727E+001
734.0000,-2.7525E+001
735.0000,-4.3583E+001
736.0000,-5.8787E+001
737.0000,-4.9755E+001
738.0000,-2.2961E+001
739.0000,-2.0545E+001
740.0000,-5.0172E+001
741.0000,-4.0460E+001
742.0000,-1.8780E+001
743.0000,-1.8211E+001
744.0000,-2.1378E+001
745.0000,-2.0857E+001
746.0000,-1.2485E+001
747.0000,-1.2289E+001
748.0000,-1.4696E+001
749.0000,-1.5226E+001
750.0000,-1.2945E+001
751.0000,-1.8297E+001
752.0000,-2.6490E+001
753.0000,-3.2389E+001
754.0000,-2.3847E+001
755.0000,-2.8744E+001
756.0000,-6.2252E+001
757.0000,-8.8249E+001
758.0000,-9.6746E+001
759.0000,-6.1508E+001
760.0000,-4.1352E+001
761.0000,-2.3057E+001
762.0000,-1.8838E+001
763.0000,-2.2166E+001
764.0000,-1.8789E+001
765.0000,-1.6695E+001
766.0000,-5.0171E+001
767.0000,-5.5854E+001
768.0000,-4.3772E+001
769.0000,-4.5377E+001
770.0000,-3.7791E+001
771.0000,-2.3569E+001
772.0000,-2.3705E+001
773.0000,-2.4759E+001
774.0000,-2.2745E+001
775.0000,-2.1265E+001
776.0000,-1.5689E+001
777.0000,-3.8095E+000
778.0000,-2.4279E+000
779.0000,-2.3734E+000
780.0000,-3.1150E+000
781.0000,-4.9205E+000
782.0000,-4.2160E-001
783.0000,-6.9587E+000
784.0000,-2.0496E+001
785.0000,-2.2584E+001
786.0000,-1.9820E+001
787.0000,-1.3630E+001
788.0000,-1.6279E+001
789.0000,-1.0345E+001
790.0000,-1.4263E+001
791.0000,-9.3483E+000
792.0000,-5.9808E+000
793.0000,-1.4269E+001
794.0000,-2.0757E+001
795.0000,-5.1392E+000
796.0000,-6.4873E+000
797.0000,-6.4874E+000
798.0000,1.1735E+001
799.0000,6.5440E+000
800.0000,-2.6062E+000
801.0000,1.2256E+001
802.0000,1.4710E+001
803.0000,3.3003E+000
804.0000,3.8173E+001
805.0000,-7.8471E+000
806.0000,-2.4765E+001
807.0000,-4.3168E+001
808.0000,-4.6497E+001
809.0000,-4.5034E+001
810.0000,-2.1536E+001
811.0000,-1.3205E+001
812.0000,-9.7238E-001
813.0000,-5.1336E+000
814.0000,6.8934E-002
815.0000,-7.1999E+000
816.0000,-2.7589E+001
817.0000,-9.1312E+000
818.0000,-6.0664E-001
819.0000,5.4201E-001
820.0000,-7.7600E+000
821.0000,-7.0149E+000
822.0000,-3.2560E-001
823.0000,-1.5057E+000
824.0000,-8.7522E+000
825.0000,-1.1416E+001
826.0000,-6.0410E+000
827.0000,-9.5093E-001
828.0000,-5.3284E+000
829.0000,-1.0396E+001
830.0000,-1.4060E+001
831.0000,-1.1661E+001
832.0000,-9.2025E+000
833.0000,-8.9333E+000
834.0000,-1.6147E+001
835.0000,-6.7156E+000
836.0000,-1.1668E+000
837.0000,-2.8527E-001
838.0000,-3.0549E+000
839.0000,-1.5097E+001
840.0000,-7.1999E+000
841.0000,-2.8935E+000
842.0000,-3.9097E+000
843.0000,-2.0773E+001
844.0000,-2.9284E+001
845.0000,-1.4752E+001
846.0000,-1.0664E+001
847.0000,-1.2256E+001
848.0000,-3.7928E+001
849.0000,-3.7535E+001
850.0000,-1.7517E+001
851.0000,-2.0291E+001
852.0000,-3.1281E+001
853.0000,-2.1518E+001
854.0000,-1.9129E+001
855.0000,-1.8449E+001
856.0000,-1.5559E+001
857.0000,-8.1742E+000
858.0000,-4.8925E+000
859.0000,-5.6344E+000
860.0000,-7.1722E+000
861.0000,-7.3545E+000
862.0000,-3.3345E+000
863.0000,-4.6092E+000
864.0000,-1.6816E+000
865.0000,-5.1578E+000
866.0000,-4.5775E+000
867.0000,-5.6285E+000
868.0000,-3.1526E+000
869.0000,-1.6086E+001
870.0000,-1.4547E+001
871.0000,-1.7930E+001
872.0000,-2.3801E+001
873.0000,-2.0892E+001
874.0000,-2.5972E+001
875.0000,-1.4652E+001
876.0000,-9.5244E+000
877.0000,-4.6420E+000
878.0000,-8.3452E+000
879.0000,-1.5384E+001
880.0000,-2.0040E+001
881.0000,-1.2279E+001
882.0000,-5.6447E+000
883.0000,-3.6114E+000
884.0000,-2.0045E+000
885.0000,1.6433E+000
886.0000,-2.2780E+000
887.0000,-8.4780E+000
888.0000,-1.7061E+001
889.0000,-1.3878E+001
890.0000,-5.5868E+000
891.0000,-1.5826E+001
892.0000,-1.7213E+001
893.0000,-1.5391E+001
894.0000,-5.5006E+000
895.0000,-7.0372E+000
896.0000,-7.3956E+000
897.0000,-2.0250E+001
898.0000,-2.9326E+001
899.0000,-2.6533E+001
900.0000,-1.8255E+001
901.0000,-1.9442E+001
902.0000,-1.5810E+001
903.0000,-1.9027E+001
904.0000,-1.2492E+001
905.0000,-2.6385E+001
906.0000,-3.4215E+001
907.0000,-2.3529E+001
908.0000,-1.8644E+001
909.0000,-1.0635E+001
910.0000,-1.2854E+001
911.0000,-1.4685E+001
912.0000,-8.7368E+000
913.0000,-1.9316E+001
914.0000,-2.1195E+001
915.0000,-1.6563E+001
916.0000,-1.3475E+001
917.0000,-1.9134E+001
918.0000,-1.8002E+001
919.0000,-1.6872E+001
920.0000,-1.3016E+001
921.0000,-4.7463E+000
922.0000,-7.9109E+000
923.0000,-8.3415E+000
924.0000,-2.5399E+001
925.0000,-3.1070E+001
926.0000,-3.6033E+001
927.0000,-2.2919E+001
928.0000,-2.2559E+001
929.0000,-3.6860E+001
930.0000,-2.5281E+001
931.0000,-1.9499E+001
932.0000,-1.5778E+001
933.0000,-2.3578E+001
934.0000,-2.6298E+001
935.0000,-3.1017E+001
936.0000,-3.2522E+001
937.0000,-1.2710E+001
938.0000,-6.8577E+000
939.0000,-2.4551E+001
940.0000,-2.6707E+001
941.0000,-2.8945E+001
942.0000,-6.7922E+000
943.0000,-1.2295E+001
944.0000,-1.9237E+001
945.0000,-1.7777E+001
946.0000,-1.3002E+001
947.0000,-2.0102E+001
948.0000,-1.2319E+001
949.0000,-4.9783E+000
950.0000,-1.8077E+001
951.0000,-8.2285E+000
952.0000,-2.1505E+001
953.0000,-1.6355E+001
954.0000,-1.7381E+001
955.0000,-8.9739E+000
956.0000,-2.9863E+001
957.0000,-7.4813E+000
958.0000,-1.9087E+001
959.0000,-9.1142E+000
960.0000,-1.8561E+001
961.0000,-1.8104E+001
962.0000,-1.3697E+001
963.0000,-2.9489E+001
964.0000,-4.1489E+001
965.0000,-2.1355E+001
966.0000,-3.6599E+001
967.0000,-3.4658E+001
968.0000,-3.3791E+001
969.0000,-3.3665E+001
970.0000,-1.7970E+001
971.0000,8.0175E-002
972.0000,-1.2517E+001
973.0000,-1.1054E+001
974.0000,-1.1128E+001
975.0000,-6.6555E+000
976.0000,-6.9924E+000
977.0000,-9.9611E+000
978.0000,-1.6011E+001
979.0000,-1.5417E+001
980.0000,-1.3091E+001
981.0000,-2.5808E+001
982.0000,-2.2710E+001
983.0000,-2.1558E+001
984.0000,-3.0925E+001
985.0000,-3.8395E+001
986.0000,-1.5022E+001
987.0000,-2.4585E+001
988.0000,-4.4624E+001
989.0000,-3.8986E+001
990.0000,-1.2722E+001
991.0000,-2.3021E+001
992.0000,-1.6437E+001
993.0000,-2.1521E+001
994.0000,-1.9277E+001
995.0000,-5.8476E+000
996.0000,-1.6745E+001
997.0000,-2.0694E+001
998.0000,-1.2808E+001
999.0000,-1.4479E+001
1000.0000,-1.3498E+001
1001.0000,-1.6867E+001
1002.0000,-1.6124E+001
1003.0000,-1.2672E+001
1004.0000,-1.2962E+001
1005.0000,-2.2585E+001
1006.0000,-4.7136E+001
1007.0000,-2.3825E+001
1008.0000,-3.9242E+001
1009.0000,-5.3977E+001
1010.0000,-2.4208E+001
1011.0000,-2.9346E+001
1012.0000,-1.0826E+001
1013.0000,-2.7799E+001
1014.0000,-4.6300E+001
1015.0000,-1.9581E+001
1016.0000,-1.9362E+001
1017.0000,-4.2099E+001
1018.0000,-3.2454E+001
1019.0000,-3.4529E+001
1020.0000,-1.7061E+001
1021.0000,-1.4696E+001
1022.0000,-2.3275E+001
1023.0000,-1.4711E+001
1024.0000,-6.3894E+000
1025.0000,-1.3783E+001
1026.0000,-1.8957E+001
1027.0000,-2.8150E+001
1028.0000,-1.9239E+001
1029.0000,-1.9964E+001
1030.0000,-1.6448E+001
1031.0000,-2.0912E+001
1032.0000,-2.0310E+001
1033.0000,-3.2564E+001
1034.0000,-5.1234E+001
1035.0000,-5.7201E+001
1036.0000,-4.2200E+001
1037.0000,-3.3314E+001
1038.0000,3.9678E-001
1039.0000,-1.7686E+001
1040.0000,-2.6570E+001
1041.0000,-1.9121E+001
1042.0000,-1.7621E+001
1043.0000,-4.2062E+001
1044.0000,-2.1094E+001
1045.0000,-1.3127E+000
1046.0000,-3.6722E+000
1047.0000,-1.5930E+001
1048.0000,-4.9359E+000
1049.0000,-1.0911E+001
1050.0000,-8.4784E+000
1051.0000,-2.5635E+001
1052.0000,-2.1634E+001
1053.0000,-1.0812E+001
1054.0000,-1.4126E+001
1055.0000,-3.5788E+000
1056.0000,-8.6422E+000
1057.0000,-1.5188E+001
1058.0000,-4.3017E+001
1059.0000,-2.8438E+001
1060.0000,-2.4903E+001
1061.0000,-1.5368E+001
1062.0000,-1.6202E+001
1063.0000,-4.8911E+000
1064.0000,-2.4593E+001
1065.0000,-1.6559E+001
1066.0000,-2.1888E+001
1067.0000,-4.1395E+000
1068.0000,-2.7078E+000
1069.0000,-2.0522E+001
1070.0000,-1.3062E+001
1071.0000,-7.8858E+000
1072.0000,-8.5800E+000
1073.0000,-1.5458E+001
1074.0000,-3.9544E+001
1075.0000,-2.0947E+001
1076.0000,-3.0712E+001
1077.0000,-3.4919E+001
1078.0000,-5.5479E+001
1079.0000,-4.1125E+001
1080.0000,-4.6247E+001
1081.0000,-3.7177E+001
1082.0000,-3.1757E+001
1083.0000,-2.9292E+001
1084.0000,-1.9722E+001
1085.0000,-1.3594E+001
1086.0000,-8.3648E+000
1087.0000,-7.1196E+000
1088.0000,-1.0381E+001
1089.0000,-8.2532E+000
1090.0000,-1.9083E+001
1091.0000,6.0627E-001
1092.0000,-1.9300E+001
1093.0000,-1.5834E+001
1094.0000,-1.5352E+001
1095.0000,-1.9623E+001
1096.0000,-2.5880E+001
1097.0000,-4.0980E+001
1098.0000,-5.1594E+001
1099.0000,-5.3604E+001
1100.0000,-2.2233E+001
1101.0000,-2.5738E+001
1102.0000,-3.3964E+001
1103.0000,-4.3211E+001
1104.0000,-5.2163E+001
1105.0000,-5.0906E+001
1106.0000,-6.0475E+001
1107.0000,-5.2154E+001
1108.0000,-7.3967E+001
1109.0000,-7.7229E+001
1110.0000,-4.5376E+001
1111.0000,-3.8285E+001
1112.0000,-5.4666E+001
1113.0000,-5.8187E+001
1114.0000,-4.7114E+001
1115.0000,-4.8890E+001
1116.0000,-4.4314E+001
1117.0000,-4.1117E+001
1118.0000,-5.6278E+001
1119.0000,-5.9712E+001
1120.0000,-5.1350E+001
1121.0000,-4.5192E+001
1122.0000,-2.8637E+001
1123.0000,-2.1728E+001
1124.0000,-2.5386E+001
1125.0000,-2.5816E+001
1126.0000,-2.2326E+001
1127.0000,-5.3606E+001
1128.0000,-5.7818E+001
1129.0000,-5.7508E+001
1130.0000,-6.8722E+001
1131.0000,-6.6573E+001
1132.0000,-5.8422E+001
1133.0000,-3.5671E+001
1134.0000,-3.1041E+001
1135.0000,-3.9309E+001
1136.0000,-3.7781E+001
1137.0000,-4.2044E+001
1138.0000,-6.5075E+001
1139.0000,-4.0081E+001
1140.0000,-3.3325E+001
1141.0000,-2.3683E+001
1142.0000,-3.0440E+001
1143.0000,-3.4759E+001
1144.0000,-3.2809E+001
1145.0000,-2.4218E+001
1146.0000,-9.2563E+000
1147.0000,-1.4297E+001
1148.0000,-1.8902E+001
1149.0000,-1.5790E+001
1150.0000,-1.8088E+001
1151.0000,-1.8153E+001
1152.0000,-2.8577E+001
1153.0000,-2.3692E+001
1154.0000,-1.8733E+001
1155.0000,-2.2724E+001
1156.0000,-2.5659E+001
1157.0000,-3.2454E+001
1158.0000,-3.5895E+001
1159.0000,0.0000E+000
1160.0000,0.0000E+000
1161.0000,0.0000E+000
1162.0000,0.0000E+000
1163.0000,0.0000E+000
1164.0000,0.0000E+000
1165.0000,0.0000E+000
1166.0000,0.0000E+000
1167.0000,0.0000E+000
1168.0000,0.0000E+000
1169.0000,0.0000E+000
1170.0000,0.0000E+000
1171.0000,0.0000E+000
1172.0000,0.0000E+000
1173.0000,9.5902E+000
1174.0000,5.0093E+000
1175.0000,3.4365E+000
1176.0000,1.8497E+000
1177.0000,0.0000E+000
1178.0000,0.0000E+000
1179.0000,0.0000E+000
1180.0000,0.0000E+000
1181.0000,5.4594E-001
1182.0000,5.0309E+000
1183.0000,9.2935E-001
1184.0000,9.6572E+000
1185.0000,1.0831E+001
1186.0000,1.0343E+001
1187.0000,1.4669E+000
1188.0000,2.0089E+000
1189.0000,1.1292E+000
1190.0000,4.6795E+000
1191.0000,2.8226E-001
1192.0000,4.5777E+000
1193.0000,-1.1923E+000
1194.0000,2.6505E+000
1195.0000,-1.2060E+000
1196.0000,-3.6408E+000
1197.0000,-6.2141E+000
1198.0000,-3.3073E+001
1199.0000,-2.6958E+001
1200.0000,-7.0947E+000
1201.0000,3.9633E+000
1202.0000,5.5876E-001
1203.0000,6.6212E-001
1204.0000,1.6677E+001
1205.0000,1.4580E+001
1206.0000,2.3279E+000
1207.0000,-1.2018E+001
1208.0000,-2.6086E+000
1209.0000,-1.9546E+000
1210.0000,-8.4727E+000
1211.0000,-1.1072E+001
1212.0000,-6.2559E+000
1213.0000,1.7337E-001
1214.0000,-8.5707E-002
1215.0000,-9.2543E-001
1216.0000,-3.0301E+000
1217.0000,-3.3096E+000
1218.0000,-3.2851E-001
1219.0000,2.4398E+000
1220.0000,-1.6433E+000
1221.0000,-2.1726E+000
1222.0000,-4.2007E+000
1223.0000,-9.2578E+000
1224.0000,-1.1021E+001
1225.0000,-5.6234E+000
1226.0000,-2.4474E+000
1227.0000,-9.1345E-001
1228.0000,-6.5987E+000
1229.0000,-1.1086E+001
1230.0000,-1.7556E+001
1231.0000,-1.0602E+001
1232.0000,-3.9235E+000
1233.0000,-5.8322E+000
1234.0000,-9.9920E+000
1235.0000,-6.6534E+000
1236.0000,-1.2457E+001
1237.0000,-1.3160E+001
1238.0000,-2.2268E+001
1239.0000,-1.3882E+001
1240.0000,-1.5539E+001
1241.0000,-1.2645E+001
1242.0000,-1.3909E+001
1243.0000,-9.4048E+000
1244.0000,-7.9601E+000
1245.0000,-5.4910E+000
1246.0000,-4.2012E+000
1247.0000,-2.6430E+000
1248.0000,-1.2761E+001
1249.0000,-1.9725E+001
1250.0000,-1.7457E+001
1251.0000,-1.0157E+001
1252.0000,-2.2256E+001
1253.0000,-1.6352E+001
1254.0000,-1.4326E+001
1255.0000,-1.8046E+001
1256.0000,-1.4640E+001
1257.0000,-1.4339E+001
1258.0000,-2.2913E+001
1259.0000,-1.7826E+001
1260.0000,-2.5457E+001
1261.0000,-1.3880E+001
1262.0000,-9.6795E+000
1263.0000,-1.5122E+001
1264.0000,-1.8328E+001
1265.0000,-1.7632E+001
1266.0000,-1.9029E+001
1267.0000,-1.5227E+001
1268.0000,-3.2851E+001
1269.0000,-3.8915E+001
1270.0000,-2.0024E+001
1271.0000,-9.4379E+000
1272.0000,-1.1256E+001
1273.0000,-9.9537E+000
1274.0000,-1.3174E+001
1275.0000,-1.3643E+001
1276.0000,-1.4146E+001
1277.0000,-1.8670E+001
1278.0000,-2.0629E+001
1279.0000,-2.2211E+001
1280.0000,-1.2575E+001
1281.0000,-1.6500E+001
1282.0000,-6.9829E+000
1283.0000,-7.5866E+000
1284.0000,-1.1871E+001
1285.0000,-2.3726E+001
1286.0000,-2.7653E+001
1287.0000,-3.1164E+001
1288.0000,-1.5093E+001
1289.0000,-2.9349E+001
1290.0000,-2.3746E+001
1291.0000,-1.8679E+001
1292.0000,-1.6895E+001
1293.0000,-3.3415E+001
1294.0000,-2.1340E+001
1295.0000,-1.0384E+001
1296.0000,-2.7112E+001
1297.0000,-1.6132E+001
1298.0000,-1.8137E+001
1299.0000,-1.2001E+001
1300.0000,-1.6643E+001
1301.0000,-1.6720E+001
1302.0000,-1.0740E+001
1303.0000,-1.0479E+001
1304.0000,-6.8554E+000
1305.0000,-8.4948E+000
1306.0000,-7.0367E-003
1307.0000,-3.3134E+000
1308.0000,-9.7644E+000
1309.0000,-9.0759E+000
1310.0000,-7.0296E+000
1311.0000,-2.4534E+001
1312.0000,-3.3653E+001
1313.0000,-4.1664E+001
1314.0000,-1.7926E+001
1315.0000,-3.3755E+001
1316.0000,-3.6672E+001
1317.0000,-2.3587E+001
1318.0000,-1.7361E+001
1319.0000,-2.3412E+001
1320.0000,-1.0145E+001
1321.0000,-1.2615E+001
1322.0000,-2.2291E+001
1323.0000,-2.8518E+001
1324.0000,-1.0386E+001
1325.0000,-3.6432E+001
1326.0000,-3.7134E+001
1327.0000,-4.0564E+001
1328.0000,-3.0164E+001
1329.0000,-1.3399E+001
1330.0000,-1.5541E+001
1331.0000,-2.3733E+001
1332.0000,-3.8197E+001
1333.0000,-2.1653E+001
1334.0000,-4.9129E+001
1335.0000,-2.9119E+001
1336.0000,-3.6091E+001
1337.0000,-3.8296E+000
1338.0000,-7.1149E+000
1339.0000,-1.1997E+001
1340.0000,-2.6371E+001
1341.0000,-1.5222E+001
1342.0000,-2.6926E+001
1343.0000,-1.4168E+001
1344.0000,-4.3893E+001
1345.0000,-3.1397E+001
1346.0000,-1.5592E+001
1347.0000,-1.3615E+001
1348.0000,-1.9126E+001
1349.0000,-3.6153E+001
1350.0000,-3.4290E+001
1351.0000,-2.8544E+001
1352.0000,-1.2850E+001
1353.0000,-2.0700E+001
1354.0000,-2.7003E+001
1355.0000,-2.6008E+001
1356.0000,-1.9153E+001
1357.0000,-2.8306E+001
1358.0000,-2.6488E+001
1359.0000,-2.6517E+001
1360.0000,-2.4300E+001
1361.0000,-1.8681E+001
1362.0000,-1.7665E+001
1363.0000,-1.9292E+001
1364.0000,-2.4476E+001
1365.0000,-3.7047E+001
1366.0000,-1.7454E+001
1367.0000,-1.1067E+001
1368.0000,-3.6660E+001
1369.0000,-5.7746E+001
1370.0000,-3.0038E+001
1371.0000,-2.1407E+001
1372.0000,-3.0446E+001
1373.0000,-3.3236E+001
1374.0000,-1.6505E+001
1375.0000,-1.7056E+001
1376.0000,-1.8206E+001
1377.0000,-1.2904E+001
1378.0000,1.5322E-001
1379.0000,-2.0652E+000
1380.0000,-1.0005E+001
1381.0000,-1.0300E+001
1382.0000,-2.8455E+001
1383.0000,-8.4243E+000
1384.0000,-1.0186E+001
1385.0000,-2.5727E+001
1386.0000,-1.8622E+001
1387.0000,-2.8305E+001
1388.0000,-4.4457E+001
1389.0000,-4.2451E+001
1390.0000,-3.1985E+001
1391.0000,-1.6090E+001
1392.0000,-1.9192E+001
1393.0000,-1.3186E+001
1394.0000,-5.0659E+001
1395.0000,-6.8437E+001
1396.0000,-4.0187E+001
1397.0000,-3.5660E+001
1398.0000,-5.6163E+001
1399.0000,-2.7617E+001
1400.0000,-3.2698E+001
1401.0000,-3.6159E+001
1402.0000,-1.2033E+001
1403.0000,-3.2918E+001
1404.0000,-2.4548E+001
1405.0000,-4.9037E+001
1406.0000,-6.1925E+001
1407.0000,-3.2688E+001
1408.0000,-7.4578E+001
1409.0000,-4.5788E+001
1410.0000,-2.2838E+001
1411.0000,-5.8524E+001
1412.0000,-4.2727E+001
1413.0000,-5.3287E+001
1414.0000,0.0000E+000
1415.0000,0.0000E+000
1416.0000,0.0000E+000
1417.0000,0.0000E+000
1418.0000,0.0000E+000
1419.0000,0.0000E+000
1420.0000,0.0000E+000
1421.0000,0.0000E+000
1422.0000,0.0000E+000
1423.0000,0.0000E+000
1424.0000,0.0000E+000
1425.0000,0.0000E+000
1426.0000,0.0000E+000
1427.0000,0.0000E+000
1428.0000,0.0000E+000
1429.0000,0.0000E+000
1430.0000,0.0000E+000
1431.0000,0.0000E+000
1432.0000,0.0000E+000
1433.0000,0.0000E+000
1434.0000,0.0000E+000
1435.0000,0.0000E+000
1436.0000,0.0000E+000
1437.0000,0.0000E+000
1438.0000,0.0000E+000
1439.0000,0.0000E+000
1440.0000,0.0000E+000
1441.0000,0.0000E+000
1442.0000,0.0000E+000
1443.0000,0.0000E+000
1444.0000,0.0000E+000
1445.0000,0.0000E+000
1446.0000,0.0000E+000
1447.0000,0.0000E+000
1448.0000,0.0000E+000
1449.0000,0.0000E+000
1450.0000,0.0000E+000
1451.0000,0.0000E+000
1452.0000,0.0000E+000
1453.0000,0.0000E+000
1454.0000,0.0000E+000
1455.0000,0.0000E+000
1456.0000,0.0000E+000
1457.0000,0.0000E+000
1458.0000,0.0000E+000
1459.0000,0.0000E+000
1460.0000,0.0000E+000
1461.0000,0.0000E+000
1462.0000,0.0000E+000
1463.0000,0.0000E+000
1464.0000,0.0000E+000
1465.0000,0.0000E+000
1466.0000,0.0000E+000
1467.0000,0.0000E+000
1468.0000,0.0000E+000
1469.0000,0.0000E+000
1470.0000,0.0000E+000
1471.0000,0.0000E+000
1472.0000,0.0000E+000
1473.0000,0.0000E+000
1474.0000,0.0000E+000
1475.0000,0.0000E+000
1476.0000,0.0000E+000
1477.0000,0.0000E+000
1478.0000,0.0000E+000
1479.0000,0.0000E+000
1480.0000,0.0000E+000
1481.0000,0.0000E+000
1482.0000,0.0000E+000
1483.0000,0.0000E+000
1484.0000,0.0000E+000
1485.0000,0.0000E+000
1486.0000,0.0000E+000
1487.0000,0.0000E+000
1488.0000,0.0000E+000
1489.0000,0.0000E+000
1490.0000,0.0000E+000
1491.0000,0.0000E+000
1492.0000,0.0000E+000
1493.0000,0.0000E+000
1494.0000,0.0000E+000
1495.0000,0.0000E+000
1496.0000,0.0000E+000
1497.0000,0.0000E+000
1498.0000,0.0000E+000
1499.0000,0.0000E+000
1500.0000,0.0000E+000
1501.0000,0.0000E+000
1502.0000,0.0000E+000
1503.0000,0.0000E+000
1504.0000,0.0000E+000
1505.0000,0.0000E+000
1506.0000,0.0000E+000
1507.0000,0.0000E+000
1508.0000,0.0000E+000
1509.0000,0.0000E+000
1510.0000,0.0000E+000
1511.0000,0.0000E+000
1512.0000,0.0000E+000
1513.0000,0.0000E+000
1514.0000,0.0000E+000
1515.0000,0.0000E+000
1516.0000,0.0000E+000
1517.0000,0.0000E+000
1518.0000,0.0000E+000
1519.0000,0.0000E+000
1520.0000,0.0000E+000
1521.0000,0.0000E+000
1522.0000,0.0000E+000
1523.0000,0.0000E+000
1524.0000,0.0000E+000
1525.0000,0.0000E+000
1526.0000,0.0000E+000
1527.0000,0.0000E+000
1528.0000,0.0000E+000
1529.0000,0.0000E+000
1530.0000,0.0000E+000
1531.0000,0.0000E+000
1532.0000,0.0000E+000
1533.0000,0.0000E+000
1534.0000,0.0000E+000
1535.0000,0.0000E+000
1536.0000,0.0000E+000
1537.0000,0.0000E+000
1538.0000,0.0000E+000
1539.0000,0.0000E+000
1540.0000,0.0000E+000
1541.0000,0.0000E+000
1542.0000,0.0000E+000
1543.0000,0.0000E+000
1544.0000,0.0000E+000
1545.0000,0.0000E+000
1546.0000,0.0000E+000
1547.0000,0.0000E+000
1548.0000,0.0000E+000
1549.0000,0.0000E+000
1550.0000,0.0000E+000
1551.0000,0.0000E+000
1552.0000,6.3199E+000
1553.0000,1.6014E+001
1554.0000,5.7503E-001
1555.0000,4.1209E+000
1556.0000,8.8102E+000
1557.0000,1.5164E+001
1558.0000,2.6438E+001
1559.0000,3.5246E+001
1560.0000,4.1319E+001
1561.0000,4.4646E+001
1562.0000,2.8109E+001
1563.0000,3.4408E+001
1564.0000,4.4081E+000
1565.0000,4.9484E+000
1566.0000,1.5333E+001
1567.0000,2.0954E+001
1568.0000,2.3809E+000
1569.0000,1.3962E+001
1570.0000,2.7130E+001
1571.0000,1.3722E+001
1572.0000,1.6079E+001
1573.0000,2.2987E+001
1574.0000,9.0692E+000
1575.0000,1.3773E+001
1576.0000,6.3472E+000
1577.0000,4.5202E+000
1578.0000,1.0162E+001
1579.0000,6.0996E+000
1580.0000,4.8550E+000
1581.0000,4.1803E+000
1582.0000,1.2830E+000
1583.0000,2.9346E+000
1584.0000,1.5991E+001
1585.0000,4.0273E+001
1586.0000,1.0847E+001
1587.0000,7.7372E+000
1588.0000,3.9259E-001
1589.0000,5.7848E-002
1590.0000,-4.5618E-002
1591.0000,7.2207E-001
1592.0000,-5.9854E-001
1593.0000,-1.2386E+000
1594.0000,-6.0266E+000
1595.0000,-5.0978E+000
1596.0000,-5.0124E+000
1597.0000,-3.4693E+000
1598.0000,-3.5887E+000
1599.0000,-2.8192E+000
1600.0000,-1.5757E+000
1601.0000,-7.9935E+000
1602.0000,-1.0193E+001
1603.0000,-1.6951E+001
1604.0000,-1.3936E+001
1605.0000,-1.2874E+001
1606.0000,-1.4978E+001
1607.0000,-2.2473E+001
1608.0000,-1.1879E+001
1609.0000,-7.5804E+000
1610.0000,-9.5675E+000
1611.0000,-5.5406E+000
1612.0000,-2.1593E+000
1613.0000,-5.6846E+000
1614.0000,-1.1124E+001
1615.0000,-1.2186E+001
1616.0000,-1.2370E+001
1617.0000,-8.5346E+000
1618.0000,-5.6303E+000
1619.0000,-7.9338E+000
1620.0000,-1.4304E+001
1621.0000,-2.5570E+001
1622.0000,-2.5476E+001
1623.0000,-1.6824E+001
1624.0000,-1.6900E+001
1625.0000,-1.4599E+001
1626.0000,-7.8875E+000
1627.0000,-7.2506E+000
1628.0000,-1.4596E+001
1629.0000,-2.2896E+001
1630.0000,-2.2772E+001
1631.0000,-2.5717E+001
1632.0000,-2.2840E+001
1633.0000,-1.6659E+001
1634.0000,-1.8535E+001
1635.0000,-1.4557E+001
1636.0000,-2.4381E+001
1637.0000,-1.7808E+001
1638.0000,-2.0698E+001
1639.0000,-1.6051E+001
1640.0000,-3.0749E+001
1641.0000,-3.6585E+001
1642.0000,-3.8325E+001
1643.0000,-2.3981E+001
1644.0000,-4.0631E+001
1645.0000,-2.6624E+001
1646.0000,-2.1051E+001
1647.0000,-1.8862E+001
1648.0000,-1.5728E+001
1649.0000,-1.4902E+001
1650.0000,-2.0389E+001
1651.0000,-1.6338E+001
1652.0000,-2.0263E+001
1653.0000,-1.6721E+001
1654.0000,-1.7507E+001
1655.0000,-1.1574E+001
1656.0000,-1.5235E+001
1657.0000,-2.5998E+001
1658.0000,-2.2985E+001
1659.0000,-1.2853E+001
1660.0000,-7.0983E+000
1661.0000,-1.9115E+001
1662.0000,-2.5432E+001
1663.0000,-2.8060E+001
1664.0000,-2.1649E+001
1665.0000,-1.5616E+001
1666.0000,-1.3128E+001
1667.0000,-1.4448E+001
1668.0000,-6.0136E+000
1669.0000,-1.6852E+001
1670.0000,-1.8109E+001
1671.0000,-2.3789E+001
1672.0000,-2.0432E+001
1673.0000,-1.8452E+001
1674.0000,-2.9890E+001
1675.0000,-2.2039E+001
1676.0000,-1.4909E+001
1677.0000,-1.8650E+001
1678.0000,-1.5138E+001
1679.0000,-2.6398E+001
1680.0000,-2.5855E+001
1681.0000,-9.0166E+000
1682.0000,-8.7995E+000
1683.0000,-1.5152E+001
1684.0000,-1.8480E+001
1685.0000,-3.5480E+000
1686.0000,-1.1714E+001
1687.0000,-1.7024E+001
1688.0000,-1.7102E+001
1689.0000,-5.6579E+000
1690.0000,-1.9125E+001
1691.0000,-2.7620E+001
1692.0000,-1.8667E+001
1693.0000,-3.7582E+001
1694.0000,-2.1446E+001
1695.0000,-1.9338E+001
1696.0000,-3.6811E+001
1697.0000,-3.1586E+001
1698.0000,-2.5068E+001
1699.0000,-1.7839E+001
1700.0000,-8.0648E+000
1701.0000,-5.6322E+000
1702.0000,-1.4384E+001
1703.0000,-2.1761E+001
1704.0000,-3.1782E+001
1705.0000,-1.9548E+001
1706.0000,-2.8091E+001
1707.0000,-4.2045E+001
1708.0000,-1.6515E+001
1709.0000,-1.1640E+001
1710.0000,-1.4848E+001
1711.0000,-1.5900E+001
1712.0000,-3.9891E+001
1713.0000,-3.5887E+001
1714.0000,-3.4377E+001
1715.0000,-4.2933E+001
1716.0000,-4.6954E+001
1717.0000,-9.7072E+000
1718.0000,-1.8819E+001
1719.0000,-2.9367E+001
1720.0000,-1.4470E+001
1721.0000,-1.3701E+001
1722.0000,-9.9400E+000
1723.0000,-2.0319E+001
1724.0000,-1.6576E+001
1725.0000,-1.5022E+001
1726.0000,-5.1958E+000
1727.0000,-2.3205E+001
1728.0000,-3.2407E+001
1729.0000,-6.9774E+000
1730.0000,-8.8690E+000
1731.0000,-7.6833E+000
1732.0000,-1.7840E+001
1733.0000,-1.9979E+001
1734.0000,-2.1172E+000
1735.0000,-8.7907E+000
1736.0000,-1.5849E+001
1737.0000,-1.2207E+001
1738.0000,-2.0684E+001
1739.0000,-2.0752E+001
1740.0000,-1.5211E+001
1741.0000,-1.1837E+001
1742.0000,-3.4389E+001
1743.0000,-3.3962E+001
1744.0000,-3.2515E+001
1745.0000,-1.5465E+001
1746.0000,-2.7174E+001
1747.0000,-1.4035E+001
1748.0000,-2.7129E+001
1749.0000,-7.9424E+000
1750.0000,-1.7427E+001
1751.0000,-3.4088E+001
1752.0000,-4.0205E+001
1753.0000,-3.5110E+001
1754.0000,-4.1695E+001
1755.0000,-7.3124E+000
1756.0000,-6.5627E+000
1757.0000,-1.2508E+001
1758.0000,-2.2021E+001
1759.0000,-1.0459E+001
1760.0000,-2.4631E+001
1761.0000,-9.8498E+000
1762.0000,-9.6540E+000
1763.0000,-1.2420E+001
1764.0000,-7.4972E+000
1765.0000,-7.2362E+000
1766.0000,-1.8805E+001
1767.0000,-1.5634E+001
1768.0000,-8.6735E+000
1769.0000,-1.5709E+001
1770.0000,-1.7303E+001
1771.0000,-1.0044E+001
1772.0000,-1.9464E+001
1773.0000,-1.3659E+001
1774.0000,-2.4960E+001
1775.0000,-1.9318E+001
1776.0000,-2.4243E+001
1777.0000,-4.5364E+001
1778.0000,-5.4892E+001
1779.0000,-1.5990E+001
1780.0000,-1.2046E+001
1781.0000,-2.6595E+001
1782.0000,-3.2247E+001
1783.0000,-3.8816E+000
1784.0000,-2.3267E+001
1785.0000,-3.5650E+001
1786.0000,-2.9120E+001
1787.0000,-3.9009E+001
1788.0000,-1.9147E+001
1789.0000,-1.7206E+001
1790.0000,-2.4625E+001
1791.0000,-2.0388E+001
1792.0000,-2.6445E+001
1793.0000,-3.0617E+001
1794.0000,-3.4171E+001
1795.0000,-2.1915E+001
1796.0000,-2.7480E+001
1797.0000,-2.0093E+001
1798.0000,-3.0527E+001
1799.0000,-3.0669E+001
1800.0000,-2.9064E+001
1801.0000,-5.5281E+001
1802.0000,-3.3054E+001
1803.0000,-1.9671E+001
1804.0000,-4.0591E+001
1805.0000,-2.8775E+001
1806.0000,-2.6773E+001
1807.0000,-3.1116E+001
1808.0000,-2.5267E+001
1809.0000,-4.7069E+001
1810.0000,-7.0996E+001
1811.0000,-8.4082E+001
1812.0000,-7.1369E+001
1813.0000,-5.0662E+001
1814.0000,-3.4790E+001
1815.0000,-2.2315E+001
1816.0000,-1.8211E+001
1817.0000,-2.2860E+001
1818.0000,-3.2822E+001
1819.0000,-1.9097E+001
1820.0000,-4.2864E+001
1821.0000,-5.0887E+001
1822.0000,-5.9150E+001
1823.0000,-5.6727E+001
1824.0000,-5.2880E+001
1825.0000,-5.8355E+001
1826.0000,-7.2584E+001
1827.0000,-7.0618E+001
1828.0000,-3.7244E+001
1829.0000,-3.2621E+001
1830.0000,-5.7437E+001
1831.0000,-7.5635E+001
1832.0000,-4.3041E+001
1833.0000,-3.3721E+001
1834.0000,-4.1645E+001
1835.0000,-3.6446E+001
1836.0000,-5.6806E+001
1837.0000,-9.4188E+001
1838.0000,-9.5205E+001
1839.0000,-7.6257E+001
1840.0000,-6.3608E+001
1841.0000,-5.3548E+001
1842.0000,-8.0499E+001
1843.0000,-7.8072E+001
1844.0000,-5.5272E+001
1845.0000,-4.4697E+001
1846.0000,-3.8025E+001
1847.0000,-3.1940E+001
1848.0000,-2.6432E+001
1849.0000,-2.1953E+001
1850.0000,-2.6125E+001
1851.0000,-2.3212E+001
1852.0000,-1.4792E+001
1853.0000,-1.1727E+001
1854.0000,-1.0569E+001
1855.0000,-2.2970E+001
1856.0000,-2.8866E+001
1857.0000,-1.8965E+001
1858.0000,-1.6073E+001
1859.0000,-2.4930E+001
1860.0000,-5.6180E+001
1861.0000,-4.0782E+001
1862.0000,-3.7028E+001
1863.0000,-1.9776E+001
1864.0000,-1.7758E+001
1865.0000,-2.2868E+001
1866.0000,-2.4356E+001
1867.0000,-1.9358E+001
1868.0000,-1.5888E+001
1869.0000,-9.4749E+000
1870.0000,-1.4881E+001
1871.0000,-2.7994E+001
1872.0000,-1.8829E+001
1873.0000,-1.5800E+001
1874.0000,-1.6460E+001
1875.0000,-1.9650E+001
1876.0000,-2.2176E+001
1877.0000,-3.8942E+001
1878.0000,-2.5797E+001
1879.0000,-2.6660E+001
1880.0000,-1.1183E+001
1881.0000,-1.4937E+001
1882.0000,-1.5262E+001
1883.0000,-2.0156E+001
1884.0000,-2.4805E+001
1885.0000,-8.6710E+000
1886.0000,-1.2995E+001
1887.0000,-2.7501E+001
1888.0000,-2.7094E+001
1889.0000,-1.1978E+001
1890.0000,-2.9480E+001
1891.0000,-5.1295E+001
1892.0000,-4.3515E+001
1893.0000,-5.6102E+001
1894.0000,-2.8722E+001
1895.0000,-2.0571E+001
1896.0000,-1.7624E+001
1897.0000,1.4068E+000
1898.0000,1.0495E+001
1899.0000,2.1125E+000
1900.0000,7.0066E+000
1901.0000,1.3407E+001
1902.0000,3.2943E+000
1903.0000,-1.5217E+001
1904.0000,-2.2823E+001
1905.0000,-5.5590E+000
1906.0000,-7.8754E-001
1907.0000,-9.4875E-001
1908.0000,2.2893E+000
1909.0000,-2.3635E+001
1910.0000,-2.6857E+001
1911.0000,-6.4832E+000
1912.0000,5.1815E+000
1913.0000,3.5079E+000
1914.0000,-1.3319E+000
1915.0000,-5.5061E+000
1916.0000,-1.9169E+000
1917.0000,2.0402E+000
1918.0000,3.0113E+000
1919.0000,6.2657E+000
1920.0000,4.9574E+000
1921.0000,2.6851E+000
1922.0000,7.9347E-001
1923.0000,9.8587E+000
1924.0000,2.1428E+001
1925.0000,1.0817E+001
1926.0000,2.4052E-001
1927.0000,-1.7906E+000
1928.0000,-4.7130E+000
1929.0000,-6.2737E+000
1930.0000,-2.7054E+000
1931.0000,-2.2846E+000
1932.0000,-1.4592E+001
1933.0000,-2.7413E+001
1934.0000,-2.4705E+001
1935.0000,-1.9433E+001
1936.0000,-2.0893E+001
1937.0000,-1.6983E+001
1938.0000,-1.3414E+001
1939.0000,-1.7738E+001
1940.0000,-3.3204E+001
1941.0000,-1.7731E+001
1942.0000,-6.1110E+000
1943.0000,-3.1491E+000
1944.0000,7.3317E-001
1945.0000,1.2551E+000
1946.0000,2.9986E-001
1947.0000,3.4943E-002
1948.0000,-2.2483E+000
1949.0000,-3.5773E+000
1950.0000,-2.4520E+000
1951.0000,-2.2091E+000
1952.0000,-4.0986E+000
1953.0000,-8.1352E+000
1954.0000,-2.0216E+001
1955.0000,-2.0588E+001
1956.0000,-1.3411E+001
1957.0000,-8.4566E+000
1958.0000,-1.0027E+001
1959.0000,-6.0282E+000
1960.0000,-1.3339E+001
1961.0000,-1.1732E+001
1962.0000,-1.6729E+001
1963.0000,-1.3753E+001
1964.0000,-7.2966E+000
1965.0000,-1.3760E+001
1966.0000,-2.1527E+001
1967.0000,-2.0024E+001
1968.0000,-1.1895E+001
1969.0000,-5.7591E+000
1970.0000,-3.3962E-002
1971.0000,-3.5235E+000
1972.0000,-1.1382E+001
1973.0000,-1.6185E+001
1974.0000,-2.2563E+001
1975.0000,-1.7619E+001
1976.0000,-1.2063E+001
1977.0000,-1.2584E+001
1978.0000,-1.2667E+001
1979.0000,-9.8279E+000
1980.0000,-9.1631E+000
1981.0000,-8.7096E+000
1982.0000,-9.6912E+000
1983.0000,-1.2300E+001
1984.0000,-1.9496E+001
1985.0000,-2.2733E+001
1986.0000,-2.4536E+001
1987.0000,-2.7828E+001
1988.0000,-3.0639E+001
1989.0000,-1.7350E+001
1990.0000,-1.1295E+001
1991.0000,-7.8237E+000
1992.0000,-1.0098E+001
1993.0000,-1.4233E+001
1994.0000,-2.4278E+001
1995.0000,-1.8850E+001
1996.0000,-2.5521E+001
1997.0000,-3.1572E+001
1998.0000,-3.6128E+001
1999.0000,-2.4720E+001
2000.0000,-1.2139E+001
2001.0000,-1.3857E+001
2002.0000,-2.0911E+001
2003.0000,-9.6160E+000
2004.0000,-2.4133E+001
2005.0000,-2.2729E+001
2006.0000,-9.6909E+000
2007.0000,-5.0036E+000
2008.0000,-1.2542E+000
2009.0000,-2.5308E+001
2010.0000,-2.4962E+001
2011.0000,-3.3158E+001
2012.0000,-2.8727E+001
2013.0000,-1.5276E+001
2014.0000,-1.9603E+001
2015.0000,-1.8072E+001
2016.0000,-2.4622E+001
2017.0000,-1.6837E+001
2018.0000,-2.6229E+001
2019.0000,-3.0052E+001
2020.0000,-1.6420E+001
2021.0000,-2.6020E+001
2022.0000,-1.4342E+001
2023.0000,-1.4983E+001
2024.0000,-1.9627E+001
2025.0000,-2.2803E+001
2026.0000,-2.7458E+001
2027.0000,-2.8233E+001
2028.0000,-1.5118E+001
2029.0000,-2.5584E+001
2030.0000,-2.8976E+001
2031.0000,-2.4385E+001
2032.0000,-3.6355E+001
2033.0000,-4.5200E+001
2034.0000,-3.5655E+001
2035.0000,-3.4491E+001
2036.0000,-2.7530E+001
2037.0000,-4.3162E+001
2038.0000,-2.5406E+001
2039.0000,-1.4905E+001
2040.0000,-2.7993E+001
2041.0000,-1.9482E+001
2042.0000,-2.3414E+001
2043.0000,-3.1862E+001
2044.0000,-3.1234E+001
2045.0000,-2.1538E+001
2046.0000,-3.4884E+001
2047.0000,-2.4794E+001
2048.0000,-2.5258E+001
2049.0000,-2.3174E+001
2050.0000,-1.4801E+001
2051.0000,-2.4848E+001
2052.0000,-2.4945E+001
2053.0000,-2.0242E+001
2054.0000,-1.9918E+001
2055.0000,-1.7758E+001
2056.0000,-1.8551E+001
2057.0000,-2.7361E+001
2058.0000,-1.5885E+001
2059.0000,-3.5213E+001
2060.0000,-2.9878E+001
2061.0000,-7.6426E+000
2062.0000,-1.3741E+001
2063.0000,-2.4071E+001
2064.0000,-2.1852E+001
2065.0000,-1.4440E+001
2066.0000,-1.8838E+001
2067.0000,-9.7873E+000
2068.0000,-1.8204E+001
2069.0000,-8.7710E+000
2070.0000,-6.6807E+000
2071.0000,-1.9621E+001
2072.0000,-8.5968E+000
2073.0000,-9.3459E+000
2074.0000,-4.7981E+001
2075.0000,-3.4705E+001
2076.0000,-2.4652E+001
2077.0000,-2.1915E+001
2078.0000,-1.5566E+001
2079.0000,-2.6876E+001
2080.0000,-3.8886E+001
2081.0000,-2.7630E+001
2082.0000,-1.7863E+001
2083.0000,-1.7790E+001
2084.0000,-1.4953E+001
2085.0000,-1.4733E+001
2086.0000,-1.7899E+001
2087.0000,-2.2065E+001
2088.0000,-2.1459E+001
2089.0000,-5.5613E+000
2090.0000,-9.7081E+000
2091.0000,-2.3001E+001
2092.0000,-2.7418E+001
2093.0000,-4.2457E+001
2094.0000,-2.5970E+001
2095.0000,-2.1285E+001
2096.0000,-2.8340E+001
2097.0000,-6.4714E+000
2098.0000,-3.0798E+001
2099.0000,-2.0400E+001
2100.0000,-1.1947E+001
2101.0000,-1.1111E+001
2102.0000,-9.9009E+000
2103.0000,-3.3667E+001
2104.0000,-2.9020E+001
2105.0000,-5.5406E+001
2106.0000,-9.1455E+001
2107.0000,-2.9341E+001
2108.0000,-3.2374E+001
2109.0000,-2.1806E+001
2110.0000,-3.3761E+001
2111.0000,-2.9762E+001
2112.0000,-1.6863E+001
2113.0000,-4.0545E+001
2114.0000,-7.8504E+000
2115.0000,-1.3530E+001
2116.0000,-2.7903E+001
2117.0000,-1.4045E+001
2118.0000,-3.4524E+001
2119.0000,-4.4736E+001
2120.0000,-3.4443E+001
2121.0000,-1.5164E+001
2122.0000,-3.1496E+001
2123.0000,-4.5281E+001
2124.0000,-2.9097E+001
2125.0000,-3.9279E+001
2126.0000,-4.0790E+001
2127.0000,-2.2078E+001
2128.0000,-1.7408E+001
2129.0000,-1.8439E+001
2130.0000,-1.8829E+001
2131.0000,-2.0811E+001
2132.0000,-3.5924E+001
2133.0000,-2.3182E+001
2134.0000,-6.9397E+000
2135.0000,-1.8893E+001
2136.0000,-1.5753E+001
2137.0000,-3.0909E+001
2138.0000,-1.2028E+001
2139.0000,-2.5765E+001
2140.0000,-2.6643E+001
2141.0000,-1.0163E+001
2142.0000,-1.7842E+001
2143.0000,-1.3759E+001
2144.0000,-1.0935E+001
2145.0000,-6.9837E+000
2146.0000,-3.4339E+001
2147.0000,-3.4206E+001
2148.0000,-1.9203E+001
2149.0000,-1.0222E+001
2150.0000,-2.1184E+001
2151.0000,-3.6544E+001
2152.0000,-2.5011E+001
2153.0000,-1.5015E+001
2154.0000,-2.2892E+001
2155.0000,-1.6592E+001
2156.0000,-1.8522E+000
2157.0000,-2.2844E+001
2158.0000,-1.9737E+001
2159.0000,-3.3450E+001
2160.0000,-3.8457E+001
2161.0000,-3.5685E+001
2162.0000,-2.9051E+001
2163.0000,-5.1156E+001
2164.0000,0.0000E+000
2165.0000,0.0000E+000
2166.0000,0.0000E+000
2167.0000,0.0000E+000
2168.0000,0.0000E+000
2169.0000,0.0000E+000
2170.0000,0.0000E+000
2171.0000,0.0000E+000
2172.0000,0.0000E+000
2173.0000,0.0000E+000
2174.0000,0.0000E+000
2175.0000,0.0000E+000
2176.0000,0.0000E+000
2177.0000,0.0000E+000
2178.0000,0.0000E+000
2179.0000,0.0000E+000
2180.0000,0.0000E+000
2181.0000,0.0000E+000
2182.0000,0.0000E+000
2183.0000,0.0000E+000
2184.0000,0.0000E+000
2185.0000,0.0000E+000
2186.0000,0.0000E+000
2187.0000,0.0000E+000
2188.0000,0.0000E+000
2189.0000,0.0000E+000
2190.0000,0.0000E+000
2191.0000,0.0000E+000
2192.0000,0.0000E+000
