"",77.800
30.0000,0.0000E+000
31.0000,-5.1406E+001
32.0000,-4.2493E+001
33.0000,-3.8437E+001
34.0000,-3.1305E+001
35.0000,-3.3917E+001
36.0000,-3.9337E+001
37.0000,0.0000E+000
38.0000,0.0000E+000
39.0000,0.0000E+000
40.0000,0.0000E+000
41.0000,0.0000E+000
42.0000,0.0000E+000
43.0000,0.0000E+000
44.0000,0.0000E+000
45.0000,0.0000E+000
46.0000,0.0000E+000
47.0000,0.0000E+000
48.0000,0.0000E+000
49.0000,0.0000E+000
50.0000,0.0000E+000
51.0000,0.0000E+000
52.0000,0.0000E+000
53.0000,0.0000E+000
54.0000,0.0000E+000
55.0000,0.0000E+000
56.0000,0.0000E+000
57.0000,0.0000E+000
58.0000,0.0000E+000
59.0000,0.0000E+000
60.0000,0.0000E+000
61.0000,0.0000E+000
62.0000,0.0000E+000
63.0000,0.0000E+000
64.0000,0.0000E+000
65.0000,0.0000E+000
66.0000,0.0000E+000
67.0000,0.0000E+000
68.0000,-2.0234E+000
69.0000,-4.3850E-001
70.0000,-5.1104E-001
71.0000,-4.3956E-001
72.0000,-5.4212E-002
73.0000,0.0000E+000
74.0000,0.0000E+000
75.0000,0.0000E+000
76.0000,0.0000E+000
77.0000,-3.1858E+000
78.0000,-1.8062E+000
79.0000,-1.2398E+000
80.0000,-1.6217E-001
81.0000,8.8578E-001
82.0000,6.4024E-001
83.0000,5.2375E-001
84.0000,-5.2338E-001
85.0000,-1.4831E+000
86.0000,3.8432E-001
87.0000,2.5184E-001
88.0000,-5.8159E-002
89.0000,3.4023E-001
90.0000,7.4102E-001
91.0000,3.5367E-001
92.0000,-6.6580E-001
93.0000,-1.3645E+000
94.0000,-4.1939E+000
95.0000,-1.8307E+001
96.0000,-1.8979E+001
97.0000,-9.4308E+000
98.0000,-5.6158E+000
99.0000,-1.3612E+001
100.0000,-2.8884E+001
101.0000,-2.1550E+001
102.0000,-1.1382E+001
103.0000,-1.1089E+001
104.0000,-8.0434E+000
105.0000,-1.2279E+001
106.0000,-1.5332E+001
107.0000,-1.3460E+001
108.0000,-2.5960E+001
109.0000,-2.0329E+001
110.0000,-1.8331E+001
111.0000,-2.5242E+001
112.0000,-2.1754E+001
113.0000,-2.7641E+001
114.0000,-3.1976E+001
115.0000,-3.1686E+001
116.0000,-5.4301E+000
117.0000,-1.3503E+001
118.0000,-2.9478E+001
119.0000,-1.2065E+001
120.0000,-2.2332E+001
121.0000,-2.5710E+001
122.0000,-3.3037E+001
123.0000,-3.2056E+001
124.0000,-2.7798E+001
125.0000,-2.7930E+001
126.0000,-3.4281E+001
127.0000,-4.6291E+001
128.0000,-3.4880E+001
129.0000,-3.5791E+001
130.0000,-3.9070E+001
131.0000,-4.5146E+001
132.0000,-3.1286E+001
133.0000,-3.4323E+001
134.0000,-4.7732E+001
135.0000,-4.6405E+001
136.0000,-2.9127E+001
137.0000,-2.2599E+001
138.0000,-3.1813E+001
139.0000,-2.8634E+001
140.0000,-2.7931E+001
141.0000,-2.4703E+001
142.0000,-2.6574E+001
143.0000,-1.9090E+001
144.0000,-2.0322E+001
145.0000,-2.1443E+001
146.0000,-3.3836E+001
147.0000,-3.7592E+001
148.0000,-3.6333E+001
149.0000,-4.1188E+001
150.0000,-6.8057E+001
151.0000,-6.6187E+001
152.0000,-3.5058E+001
153.0000,-5.4654E+001
154.0000,-5.4345E+001
155.0000,-5.3861E+001
156.0000,-2.7804E+001
157.0000,-4.0702E+001
158.0000,-5.2372E+001
159.0000,-5.2018E+001
160.0000,-6.3282E+001
161.0000,-7.2887E+001
162.0000,-6.2982E+001
163.0000,-3.1245E+001
164.0000,-5.9728E+001
165.0000,-4.9082E+001
166.0000,-4.0237E+001
167.0000,-4.6478E+001
168.0000,-5.7112E+001
169.0000,-7.2126E+001
170.0000,-3.7490E+001
171.0000,-3.9104E+001
172.0000,-5.5799E+001
173.0000,-6.7131E+001
174.0000,-5.2348E+001
175.0000,-6.4600E+001
176.0000,-5.8970E+001
177.0000,-4.7648E+001
178.0000,-4.1398E+001
179.0000,-5.1682E+001
180.0000,-6.0401E+001
181.0000,-6.7359E+001
182.0000,-8.4835E+001
183.0000,-6.7948E+001
184.0000,-6.3223E+001
185.0000,-6.7861E+001
186.0000,-3.8326E+001
187.0000,-4.1229E+001
188.0000,-4.8594E+001
189.0000,-4.1908E+001
190.0000,-4.3094E+001
191.0000,-3.2418E+001
192.0000,-4.9661E+001
193.0000,-5.7608E+001
194.0000,-5.7464E+001
195.0000,-6.1578E+001
196.0000,-7.8802E+001
197.0000,-5.1773E+001
198.0000,-4.7122E+001
199.0000,-3.9684E+001
200.0000,-5.8513E+001
201.0000,-5.6049E+001
202.0000,-6.3247E+001
203.0000,-5.4718E+001
204.0000,-6.1537E+001
205.0000,-5.5406E+001
206.0000,-3.0825E+001
207.0000,-4.0935E+001
208.0000,-4.8285E+001
209.0000,-5.6173E+001
210.0000,-5.9893E+001
211.0000,-5.3952E+001
212.0000,-9.0531E+001
213.0000,-5.6736E+001
214.0000,-8.2897E+001
215.0000,-8.6105E+001
216.0000,-5.8798E+001
217.0000,-8.4788E+001
218.0000,-8.6479E+001
219.0000,-4.2759E+001
220.0000,-5.6839E+001
221.0000,-6.4005E+001
222.0000,-6.8786E+001
223.0000,-6.9902E+001
224.0000,-5.7092E+001
225.0000,-8.5666E+001
226.0000,-6.5331E+001
227.0000,-8.1833E+001
228.0000,-7.5407E+001
229.0000,-5.1785E+001
230.0000,-2.2323E+001
231.0000,-6.2433E+001
232.0000,-5.6929E+001
233.0000,-5.4571E+001
234.0000,-6.9053E+001
235.0000,-6.5618E+001
236.0000,-7.5232E+001
237.0000,-7.7609E+001
238.0000,-4.5101E+001
239.0000,-5.0670E+001
240.0000,-7.3356E+001
241.0000,-5.1808E+001
242.0000,-5.5320E+001
243.0000,-6.2162E+001
244.0000,-6.6487E+001
245.0000,-8.5336E+001
246.0000,-7.0845E+001
247.0000,-8.3079E+001
248.0000,-9.0133E+001
249.0000,-6.8419E+001
250.0000,-9.7471E+001
251.0000,-3.0318E+001
252.0000,-6.8682E+001
253.0000,-8.0255E+001
254.0000,-9.8148E+001
255.0000,-6.9885E+001
256.0000,-7.8575E+001
257.0000,-2.1739E+001
258.0000,-4.6366E+001
259.0000,-7.3936E+001
260.0000,-5.1792E+001
261.0000,-4.4219E+001
262.0000,-5.7614E+001
263.0000,-3.3817E+001
264.0000,-3.5259E+001
265.0000,-5.7319E+001
266.0000,-9.4988E+001
267.0000,-8.3984E+001
268.0000,-3.1227E+001
269.0000,-3.6797E+001
270.0000,-8.6932E+001
271.0000,-7.3890E+001
272.0000,-7.6974E+001
273.0000,-3.5347E+001
274.0000,-4.4211E+001
275.0000,-6.2409E+001
276.0000,-2.2470E+001
277.0000,-4.0242E+001
278.0000,-5.4444E+001
279.0000,-4.2057E+001
280.0000,-4.8014E+001
281.0000,-5.4290E+001
282.0000,-5.2647E+001
283.0000,-7.8727E+001
284.0000,-4.8690E+001
285.0000,-3.3755E+001
286.0000,-7.6040E+001
287.0000,-4.8429E+001
288.0000,-2.5189E+001
289.0000,-4.7672E+001
290.0000,-1.1664E+001
291.0000,-2.3286E+001
292.0000,-3.1429E+001
293.0000,-5.9305E+001
294.0000,-1.8613E+001
295.0000,-4.7266E+001
296.0000,-5.2375E+001
297.0000,-2.6017E+001
298.0000,-3.4485E+001
299.0000,-4.8522E+001
300.0000,-4.1146E+001
301.0000,-6.6633E+001
302.0000,-6.5061E+001
303.0000,-7.9488E+001
304.0000,-6.8139E+001
305.0000,-4.7277E+001
306.0000,-2.8493E+001
307.0000,-3.8286E+001
308.0000,-2.2288E+001
309.0000,-5.2031E+001
310.0000,-2.0993E+001
311.0000,-3.0253E+001
312.0000,-4.2689E+001
313.0000,-3.8279E+001
314.0000,-5.5775E+001
315.0000,-6.1847E+001
316.0000,-1.9291E+001
317.0000,-2.0415E+001
318.0000,-4.5177E+001
319.0000,-3.0809E+001
320.0000,-3.7538E+001
321.0000,-1.5160E+001
322.0000,-3.9172E+001
323.0000,-4.8973E+001
324.0000,-3.1425E+001
325.0000,-4.3468E+001
326.0000,-4.8282E+001
327.0000,-6.4726E+001
328.0000,-4.4523E+001
329.0000,-2.9228E+001
330.0000,-6.0035E+000
331.0000,-2.9853E+001
332.0000,-2.8770E+001
333.0000,-2.1162E+001
334.0000,-1.5789E+001
335.0000,-2.6985E+001
336.0000,-2.0828E+001
337.0000,-1.0694E+001
338.0000,-8.5546E+000
339.0000,-2.5534E+001
340.0000,-2.7539E+001
341.0000,-3.2689E+001
342.0000,-5.2334E+001
343.0000,-4.4953E+001
344.0000,-2.9409E+001
345.0000,-3.6709E+001
346.0000,-3.3858E+001
347.0000,-2.4654E+001
348.0000,-2.6744E+001
349.0000,0.0000E+000
350.0000,0.0000E+000
351.0000,0.0000E+000
352.0000,0.0000E+000
353.0000,0.0000E+000
354.0000,0.0000E+000
355.0000,0.0000E+000
356.0000,0.0000E+000
357.0000,0.0000E+000
358.0000,0.0000E+000
359.0000,0.0000E+000
360.0000,0.0000E+000
361.0000,0.0000E+000
362.0000,0.0000E+000
363.0000,0.0000E+000
364.0000,0.0000E+000
365.0000,0.0000E+000
366.0000,0.0000E+000
367.0000,0.0000E+000
368.0000,0.0000E+000
369.0000,0.0000E+000
370.0000,0.0000E+000
371.0000,0.0000E+000
372.0000,0.0000E+000
373.0000,0.0000E+000
374.0000,0.0000E+000
375.0000,0.0000E+000
376.0000,0.0000E+000
377.0000,0.0000E+000
378.0000,0.0000E+000
379.0000,0.0000E+000
380.0000,0.0000E+000
381.0000,0.0000E+000
382.0000,0.0000E+000
383.0000,0.0000E+000
384.0000,0.0000E+000
385.0000,0.0000E+000
386.0000,0.0000E+000
387.0000,0.0000E+000
388.0000,0.0000E+000
389.0000,0.0000E+000
390.0000,0.0000E+000
391.0000,0.0000E+000
392.0000,0.0000E+000
393.0000,0.0000E+000
394.0000,0.0000E+000
395.0000,0.0000E+000
396.0000,0.0000E+000
397.0000,0.0000E+000
398.0000,0.0000E+000
399.0000,0.0000E+000
400.0000,0.0000E+000
401.0000,0.0000E+000
402.0000,0.0000E+000
403.0000,0.0000E+000
404.0000,0.0000E+000
405.0000,0.0000E+000
406.0000,-1.0998E+000
407.0000,0.0000E+000
408.0000,0.0000E+000
409.0000,0.0000E+000
410.0000,0.0000E+000
411.0000,0.0000E+000
412.0000,0.0000E+000
413.0000,0.0000E+000
414.0000,0.0000E+000
415.0000,0.0000E+000
416.0000,0.0000E+000
417.0000,0.0000E+000
418.0000,0.0000E+000
419.0000,0.0000E+000
420.0000,0.0000E+000
421.0000,0.0000E+000
422.0000,0.0000E+000
423.0000,0.0000E+000
424.0000,0.0000E+000
425.0000,0.0000E+000
426.0000,0.0000E+000
427.0000,0.0000E+000
428.0000,0.0000E+000
429.0000,0.0000E+000
430.0000,0.0000E+000
431.0000,-2.9484E+000
432.0000,-1.1314E+000
433.0000,8.4712E-001
434.0000,-1.6720E+000
435.0000,0.0000E+000
436.0000,-2.1779E+000
437.0000,-1.7338E+000
438.0000,1.9662E-002
439.0000,0.0000E+000
440.0000,0.0000E+000
441.0000,0.0000E+000
442.0000,0.0000E+000
443.0000,0.0000E+000
444.0000,0.0000E+000
445.0000,0.0000E+000
446.0000,0.0000E+000
447.0000,-3.3253E+000
448.0000,-1.6503E+000
449.0000,0.0000E+000
450.0000,0.0000E+000
451.0000,-2.9261E+000
452.0000,-5.1592E-001
453.0000,0.0000E+000
454.0000,-4.5264E-001
455.0000,-4.4544E-001
456.0000,-3.0853E-001
457.0000,-8.8004E-001
458.0000,-5.5243E-003
459.0000,0.0000E+000
460.0000,-3.5590E-001
461.0000,-5.0592E-001
462.0000,-2.6170E-001
463.0000,-2.2958E-001
464.0000,0.0000E+000
465.0000,0.0000E+000
466.0000,0.0000E+000
467.0000,0.0000E+000
468.0000,0.0000E+000
469.0000,0.0000E+000
470.0000,-3.2727E-001
471.0000,4.4269E-002
472.0000,-9.4416E-002
473.0000,-9.0257E-002
474.0000,-1.4872E-001
475.0000,-7.2420E-001
476.0000,-9.1768E-001
477.0000,9.4651E-002
478.0000,0.0000E+000
479.0000,0.0000E+000
480.0000,0.0000E+000
481.0000,0.0000E+000
482.0000,-3.4092E-001
483.0000,7.1633E-002
484.0000,1.0810E+000
485.0000,1.0879E+000
486.0000,1.0024E+000
487.0000,6.6048E-001
488.0000,7.7134E-001
489.0000,1.0143E+000
490.0000,2.3792E+000
491.0000,1.5260E+000
492.0000,1.3464E+000
493.0000,6.9985E-001
494.0000,3.6616E-001
495.0000,-1.0279E+001
496.0000,-9.5239E+000
497.0000,-1.0753E+001
498.0000,-1.9355E+001
499.0000,-3.3912E+000
500.0000,-3.0576E+000
501.0000,-8.5993E+000
502.0000,-1.0814E+001
503.0000,-8.0384E+000
504.0000,-4.9689E+000
505.0000,-1.4155E+001
506.0000,-1.4476E+001
507.0000,-3.5772E+001
508.0000,-2.4151E+001
509.0000,-2.6024E+001
510.0000,-4.3130E+001
511.0000,-5.2013E+001
512.0000,-4.3293E+001
513.0000,-3.4942E+001
514.0000,-3.2852E+001
515.0000,-2.7260E+001
516.0000,-4.3185E+001
517.0000,-4.8617E+001
518.0000,-3.8598E+001
519.0000,-2.6793E+001
520.0000,-3.0935E+001
521.0000,-2.8844E+001
522.0000,-4.1218E+001
523.0000,-5.3333E+001
524.0000,-4.3021E+001
525.0000,-3.2338E+001
526.0000,-3.1988E+001
527.0000,-2.7754E+001
528.0000,-2.4248E+001
529.0000,-2.3302E+001
530.0000,-2.7952E+001
531.0000,-3.7310E+001
532.0000,-3.6264E+001
533.0000,-4.1427E+001
534.0000,-5.4475E+001
535.0000,-5.3504E+001
536.0000,-4.9956E+001
537.0000,-4.6000E+001
538.0000,-2.6514E+001
539.0000,-2.1384E+001
540.0000,-3.1635E+001
541.0000,-3.1782E+001
542.0000,-3.3340E+001
543.0000,-3.2900E+001
544.0000,-3.9112E+001
545.0000,-3.3802E+001
546.0000,-3.0230E+001
547.0000,-5.2509E+001
548.0000,-5.1330E+001
549.0000,-7.0073E+001
550.0000,-5.4696E+001
551.0000,-4.5670E+001
552.0000,-3.7485E+001
553.0000,-4.6318E+001
554.0000,-3.9509E+001
555.0000,-5.3758E+001
556.0000,-3.8028E+001
557.0000,-4.2084E+001
558.0000,-3.4850E+001
559.0000,-4.2311E+001
560.0000,-5.5340E+001
561.0000,-7.2729E+001
562.0000,-9.5580E+001
563.0000,-8.0998E+001
564.0000,-5.4384E+001
565.0000,-6.3095E+001
566.0000,-4.0597E+001
567.0000,-5.3365E+001
568.0000,-6.9488E+001
569.0000,-7.4414E+001
570.0000,-8.4083E+001
571.0000,-8.8026E+001
572.0000,-7.4543E+001
573.0000,-5.9609E+001
574.0000,-7.9884E+001
575.0000,-7.6380E+001
576.0000,-8.9193E+001
577.0000,-6.8686E+001
578.0000,-7.3913E+001
579.0000,-6.1976E+001
580.0000,-6.3823E+001
581.0000,-3.8234E+001
582.0000,-5.7998E+001
583.0000,-4.6779E+001
584.0000,-4.9390E+001
585.0000,-4.8535E+001
586.0000,-7.2167E+001
587.0000,-1.0251E+002
588.0000,-7.3917E+001
589.0000,-6.0142E+001
590.0000,-3.6816E+001
591.0000,-6.5318E+001
592.0000,-5.7419E+001
593.0000,-4.8489E+001
594.0000,-6.2152E+001
595.0000,-5.8448E+001
596.0000,-5.5206E+001
597.0000,-6.3834E+001
598.0000,-6.4847E+001
599.0000,-7.0639E+001
600.0000,-4.0642E+001
601.0000,-4.1216E+001
602.0000,-6.7151E+001
603.0000,-9.1686E+001
604.0000,-7.6268E+001
605.0000,-3.7236E+001
606.0000,-5.5356E+001
607.0000,-5.5889E+001
608.0000,-5.3048E+001
609.0000,-3.9255E+001
610.0000,-7.3876E+001
611.0000,-2.8887E+001
612.0000,-5.4529E+001
613.0000,-3.5905E+001
614.0000,-5.2084E+001
615.0000,-7.4287E+001
616.0000,-8.4621E+001
617.0000,-4.7818E+001
618.0000,-5.3155E+001
619.0000,-5.9235E+001
620.0000,-4.4696E+001
621.0000,-5.2296E+001
622.0000,-3.4132E+001
623.0000,-6.4609E+001
624.0000,-8.2482E+001
625.0000,-5.6314E+001
626.0000,-5.8413E+001
627.0000,-6.6465E+001
628.0000,-2.0461E+001
629.0000,-4.1285E+001
630.0000,-6.7080E+001
631.0000,-2.4006E+001
632.0000,-4.4414E+001
633.0000,-1.4406E+001
634.0000,-2.2379E+001
635.0000,-4.9408E+001
636.0000,-8.9531E+001
637.0000,-1.0540E+002
638.0000,-7.2411E+001
639.0000,-2.9077E+001
640.0000,-5.0185E+001
641.0000,-1.5353E+001
642.0000,-1.8196E+001
643.0000,-2.7306E+001
644.0000,-4.8885E+001
645.0000,-5.2321E+001
646.0000,-4.7677E+001
647.0000,-4.0944E+001
648.0000,-4.6425E+001
649.0000,-4.6427E+001
650.0000,-5.1408E+001
651.0000,-4.1702E+001
652.0000,-6.4088E+001
653.0000,-8.4813E+000
654.0000,-1.9395E+001
655.0000,-2.7142E+001
656.0000,-3.8519E+001
657.0000,-3.6086E+001
658.0000,-2.8043E+001
659.0000,-3.3541E+001
660.0000,-3.5721E+001
661.0000,-3.2825E+001
662.0000,-3.5977E+001
663.0000,-4.7810E+001
664.0000,-2.7870E+001
665.0000,-2.9763E+001
666.0000,-4.2478E+001
667.0000,-5.4637E+001
668.0000,-1.9980E+001
669.0000,-4.6227E+001
670.0000,-2.7043E+001
671.0000,-2.7290E+001
672.0000,-6.2114E+001
673.0000,-5.9216E+001
674.0000,-2.1306E+001
675.0000,-2.4318E+001
676.0000,-2.7666E+001
677.0000,-3.3243E+001
678.0000,-2.9555E+001
679.0000,-1.0277E+001
680.0000,-2.4577E+001
681.0000,-2.5230E+001
682.0000,-2.2848E+001
683.0000,-3.0910E+001
684.0000,-3.3078E+001
685.0000,-3.5946E+001
686.0000,-4.2007E+001
687.0000,-2.6098E+001
688.0000,-3.3565E+001
689.0000,-4.4965E+001
690.0000,-4.9775E+001
691.0000,-4.7930E+001
692.0000,-3.2133E+001
693.0000,-4.4190E+001
694.0000,-1.0691E+001
695.0000,-5.4786E+001
696.0000,-4.2251E+001
697.0000,-4.0704E+001
698.0000,-1.6332E+001
699.0000,-2.1292E+001
700.0000,-3.5478E+001
701.0000,-2.5449E+001
702.0000,-1.6051E+001
703.0000,-5.6617E+001
704.0000,-3.6798E+001
705.0000,-2.8895E+001
706.0000,-2.6259E+001
707.0000,-2.3122E+001
708.0000,-2.7956E+001
709.0000,-3.2563E+001
710.0000,-3.9730E+001
711.0000,-3.9818E+001
712.0000,-3.1809E+001
713.0000,-4.6506E+001
714.0000,-4.3875E+001
715.0000,-4.9002E+001
716.0000,-3.4105E+001
717.0000,-2.9787E+001
718.0000,-2.2317E+001
719.0000,-3.2065E+001
720.0000,-2.8589E+001
721.0000,-1.6807E+001
722.0000,-1.4772E+001
723.0000,-2.3030E+001
724.0000,-2.3619E+001
725.0000,-2.9404E+001
726.0000,-2.1061E+001
727.0000,-2.6687E+001
728.0000,-2.2630E+001
729.0000,-1.2131E+001
730.0000,-1.6922E+001
731.0000,-3.2863E+001
732.0000,-3.2281E+001
733.0000,-3.4906E+001
734.0000,-2.7627E+001
735.0000,-3.7107E+001
736.0000,-4.6837E+001
737.0000,-4.5082E+001
738.0000,-2.5470E+001
739.0000,-2.1585E+001
740.0000,-4.6798E+001
741.0000,-4.6066E+001
742.0000,-2.4267E+001
743.0000,-1.9487E+001
744.0000,-2.2617E+001
745.0000,-2.2976E+001
746.0000,-1.6493E+001
747.0000,-1.3088E+001
748.0000,-1.3846E+001
749.0000,-1.4099E+001
750.0000,-1.4222E+001
751.0000,-1.9369E+001
752.0000,-2.6017E+001
753.0000,-3.1018E+001
754.0000,-2.5866E+001
755.0000,-2.3070E+001
756.0000,-4.1509E+001
757.0000,-5.1911E+001
758.0000,-6.1721E+001
759.0000,-4.6995E+001
760.0000,-3.8701E+001
761.0000,-2.5176E+001
762.0000,-2.1209E+001
763.0000,-2.3386E+001
764.0000,-2.3544E+001
765.0000,-1.6809E+001
766.0000,-3.4809E+001
767.0000,-3.5396E+001
768.0000,-3.0240E+001
769.0000,-3.5862E+001
770.0000,-3.1218E+001
771.0000,-1.8788E+001
772.0000,-1.7295E+001
773.0000,-1.6795E+001
774.0000,-1.5933E+001
775.0000,-1.9009E+001
776.0000,-2.0391E+001
777.0000,-1.2236E+001
778.0000,-8.4321E+000
779.0000,-1.0167E+001
780.0000,-5.2697E+000
781.0000,-8.1789E+000
782.0000,-1.3551E+001
783.0000,-1.0557E+001
784.0000,-2.0313E+001
785.0000,-2.0224E+001
786.0000,-2.2792E+001
787.0000,-1.3563E+001
788.0000,-1.4507E+001
789.0000,-1.4422E+001
790.0000,-1.3584E+001
791.0000,-1.1944E+001
792.0000,-1.2411E+001
793.0000,-1.4087E+001
794.0000,-2.6969E+001
795.0000,-1.8281E+001
796.0000,-1.3222E+001
797.0000,-1.0125E+001
798.0000,-7.3678E+000
799.0000,-3.2909E+000
800.0000,-4.6727E+000
801.0000,-2.5280E+000
802.0000,-6.3040E+000
803.0000,-2.8013E+000
804.0000,-5.0803E+000
805.0000,-9.6911E+000
806.0000,-2.2255E+001
807.0000,-3.2412E+001
808.0000,-3.6184E+001
809.0000,-3.3617E+001
810.0000,-2.6824E+001
811.0000,-2.5257E+001
812.0000,-9.9445E+000
813.0000,-8.7032E+000
814.0000,-2.7266E-001
815.0000,-9.0308E+000
816.0000,-2.6786E+001
817.0000,-1.2342E+001
818.0000,-1.5751E+001
819.0000,-8.0436E+000
820.0000,-9.0299E+000
821.0000,-2.2149E+001
822.0000,-9.3094E+000
823.0000,-9.4942E+000
824.0000,-9.5555E+000
825.0000,-1.6644E+001
826.0000,-1.1878E+001
827.0000,-7.4287E+000
828.0000,-9.8125E+000
829.0000,-1.3688E+001
830.0000,-1.5083E+001
831.0000,-1.8165E+001
832.0000,-1.3078E+001
833.0000,-1.1950E+001
834.0000,-2.9192E+001
835.0000,-1.3935E+001
836.0000,-1.3681E+001
837.0000,-5.3464E+000
838.0000,-8.9143E+000
839.0000,-1.7681E+001
840.0000,-1.4260E+001
841.0000,-1.8413E+001
842.0000,-1.1246E+001
843.0000,-2.3755E+001
844.0000,-3.0322E+001
845.0000,-2.0365E+001
846.0000,-1.6615E+001
847.0000,-1.6501E+001
848.0000,-3.8764E+001
849.0000,-3.7221E+001
850.0000,-2.3880E+001
851.0000,-2.2593E+001
852.0000,-3.3176E+001
853.0000,-2.6059E+001
854.0000,-2.4227E+001
855.0000,-2.3658E+001
856.0000,-2.2031E+001
857.0000,-1.7144E+001
858.0000,-1.6635E+001
859.0000,-1.8327E+001
860.0000,-1.7912E+001
861.0000,-2.4547E+001
862.0000,-1.1701E+001
863.0000,-1.3108E+001
864.0000,-1.7096E+001
865.0000,-1.5580E+001
866.0000,-2.4586E+001
867.0000,-2.9825E+001
868.0000,-4.6068E+001
869.0000,-5.6781E+001
870.0000,-3.3783E+001
871.0000,-2.9892E+001
872.0000,-4.4463E+001
873.0000,-5.3444E+001
874.0000,-6.0488E+001
875.0000,-4.4987E+001
876.0000,-3.3498E+001
877.0000,-2.8163E+001
878.0000,-3.5078E+001
879.0000,-3.3148E+001
880.0000,-3.9432E+001
881.0000,-3.1695E+001
882.0000,-2.1561E+001
883.0000,-2.0935E+001
884.0000,-3.1546E+001
885.0000,-2.7409E+001
886.0000,-2.4087E+001
887.0000,-3.6605E+001
888.0000,-4.7256E+001
889.0000,-5.5974E+001
890.0000,-3.1041E+001
891.0000,-5.3874E+001
892.0000,-4.7890E+001
893.0000,-4.9153E+001
894.0000,-3.1534E+001
895.0000,-4.0691E+001
896.0000,-3.8735E+001
897.0000,-6.2011E+001
898.0000,-6.9055E+001
899.0000,-6.3681E+001
900.0000,-4.4652E+001
901.0000,-5.5273E+001
902.0000,-5.0050E+001
903.0000,-5.9695E+001
904.0000,-4.7276E+001
905.0000,-7.2213E+001
906.0000,-7.8385E+001
907.0000,-6.6172E+001
908.0000,-5.0765E+001
909.0000,-4.0777E+001
910.0000,-5.3220E+001
911.0000,-5.4951E+001
912.0000,-3.8663E+001
913.0000,-7.1594E+001
914.0000,-7.9647E+001
915.0000,-7.0839E+001
916.0000,-5.9912E+001
917.0000,-6.5590E+001
918.0000,-6.5745E+001
919.0000,-7.5600E+001
920.0000,-5.8797E+001
921.0000,-3.6896E+001
922.0000,-4.9152E+001
923.0000,-5.1641E+001
924.0000,-1.1284E+002
925.0000,-8.8645E+001
926.0000,-9.7857E+001
927.0000,-5.9168E+001
928.0000,-5.6299E+001
929.0000,-9.9556E+001
930.0000,-8.0198E+001
931.0000,-6.2754E+001
932.0000,-5.9569E+001
933.0000,-6.6995E+001
934.0000,-7.0806E+001
935.0000,-8.7256E+001
936.0000,-9.3560E+001
937.0000,-5.7457E+001
938.0000,-4.7790E+001
939.0000,-1.0208E+002
940.0000,-1.0937E+002
941.0000,-1.1194E+002
942.0000,-5.1369E+001
943.0000,-6.9662E+001
944.0000,-9.0496E+001
945.0000,-8.2015E+001
946.0000,-7.5042E+001
947.0000,-9.2939E+001
948.0000,-7.1817E+001
949.0000,-4.5149E+001
950.0000,-7.1164E+001
951.0000,-3.5818E+001
952.0000,-8.5613E+001
953.0000,-6.6779E+001
954.0000,-6.8976E+001
955.0000,-3.9823E+001
956.0000,-1.0557E+002
957.0000,-5.0613E+001
958.0000,-8.5066E+001
959.0000,-5.0713E+001
960.0000,-6.8836E+001
961.0000,-7.0212E+001
962.0000,-6.2317E+001
963.0000,-9.5948E+001
964.0000,-1.0881E+002
965.0000,-4.8857E+001
966.0000,-9.9216E+001
967.0000,-8.8411E+001
968.0000,-7.6927E+001
969.0000,-7.1214E+001
970.0000,-5.7643E+001
971.0000,-3.6704E+000
972.0000,-6.8802E+001
973.0000,-4.9481E+001
974.0000,-5.7123E+001
975.0000,-4.8716E+001
976.0000,-3.5326E+001
977.0000,-4.3606E+001
978.0000,-6.3525E+001
979.0000,-6.8857E+001
980.0000,-6.1916E+001
981.0000,-8.7308E+001
982.0000,-6.4990E+001
983.0000,-4.9855E+001
984.0000,-5.9439E+001
985.0000,-7.8886E+001
986.0000,-5.9281E+001
987.0000,-6.3161E+001
988.0000,-9.3462E+001
989.0000,-8.2439E+001
990.0000,-3.3723E+001
991.0000,-5.1115E+001
992.0000,-3.8542E+001
993.0000,-5.4446E+001
994.0000,-6.2558E+001
995.0000,-2.8973E+001
996.0000,-4.5844E+001
997.0000,-4.9057E+001
998.0000,-3.8994E+001
999.0000,-3.1782E+001
1000.0000,-3.4788E+001
1001.0000,-4.6552E+001
1002.0000,-5.1855E+001
1003.0000,-6.5355E+001
1004.0000,-3.4549E+001
1005.0000,-5.3954E+001
1006.0000,-1.0941E+002
1007.0000,-4.3015E+001
1008.0000,-7.0680E+001
1009.0000,-8.7380E+001
1010.0000,-3.7465E+001
1011.0000,-4.9602E+001
1012.0000,-2.8732E+001
1013.0000,-6.8216E+001
1014.0000,-8.1373E+001
1015.0000,-4.3967E+001
1016.0000,-4.3096E+001
1017.0000,-8.6771E+001
1018.0000,-6.3177E+001
1019.0000,-7.9210E+001
1020.0000,-4.1867E+001
1021.0000,-3.0988E+001
1022.0000,-6.0472E+001
1023.0000,-5.5229E+001
1024.0000,-5.0345E+001
1025.0000,-3.1269E+001
1026.0000,-3.3278E+001
1027.0000,-4.4636E+001
1028.0000,-3.0984E+001
1029.0000,-2.9687E+001
1030.0000,-3.0580E+001
1031.0000,-4.8690E+001
1032.0000,-4.8604E+001
1033.0000,-5.0518E+001
1034.0000,-6.0106E+001
1035.0000,-6.6859E+001
1036.0000,-5.0350E+001
1037.0000,-5.1258E+001
1038.0000,-8.9995E+000
1039.0000,-4.7273E+001
1040.0000,-6.8292E+001
1041.0000,-5.2920E+001
1042.0000,-4.2332E+001
1043.0000,-7.6803E+001
1044.0000,-5.1455E+001
1045.0000,-1.4070E+001
1046.0000,-2.3379E+001
1047.0000,-4.3649E+001
1048.0000,-1.9524E+001
1049.0000,-2.9714E+001
1050.0000,-2.0753E+001
1051.0000,-4.8738E+001
1052.0000,-4.4293E+001
1053.0000,-2.6645E+001
1054.0000,-3.0877E+001
1055.0000,-1.1550E+001
1056.0000,-1.3068E+001
1057.0000,-2.5566E+001
1058.0000,-6.7779E+001
1059.0000,-5.1144E+001
1060.0000,-5.0435E+001
1061.0000,-3.5850E+001
1062.0000,-3.6405E+001
1063.0000,-1.5520E+001
1064.0000,-5.0450E+001
1065.0000,-4.3540E+001
1066.0000,-4.6257E+001
1067.0000,-1.2052E+001
1068.0000,-1.1872E+001
1069.0000,-3.9446E+001
1070.0000,-2.8590E+001
1071.0000,-1.5516E+001
1072.0000,-1.7836E+001
1073.0000,-2.7436E+001
1074.0000,-5.5788E+001
1075.0000,-3.6194E+001
1076.0000,-4.3728E+001
1077.0000,-3.9544E+001
1078.0000,-5.6948E+001
1079.0000,-4.3853E+001
1080.0000,-4.8962E+001
1081.0000,-4.8920E+001
1082.0000,-4.3315E+001
1083.0000,-3.7412E+001
1084.0000,-2.6342E+001
1085.0000,-2.3354E+001
1086.0000,-1.7058E+001
1087.0000,-1.3669E+001
1088.0000,-1.9736E+001
1089.0000,-1.8004E+001
1090.0000,-3.7038E+001
1091.0000,-1.3052E+001
1092.0000,-3.2833E+001
1093.0000,-2.8595E+001
1094.0000,-2.8121E+001
1095.0000,-2.6192E+001
1096.0000,-2.2780E+001
1097.0000,-3.6020E+001
1098.0000,-4.1829E+001
1099.0000,-4.6872E+001
1100.0000,-2.0214E+001
1101.0000,-2.1295E+001
1102.0000,-2.7598E+001
1103.0000,-3.3314E+001
1104.0000,-3.9555E+001
1105.0000,-3.8397E+001
1106.0000,-4.2657E+001
1107.0000,-3.9182E+001
1108.0000,-5.4903E+001
1109.0000,-6.0301E+001
1110.0000,-3.5377E+001
1111.0000,-3.0306E+001
1112.0000,-4.3882E+001
1113.0000,-4.6322E+001
1114.0000,-3.7877E+001
1115.0000,-3.9684E+001
1116.0000,-3.6075E+001
1117.0000,-3.5954E+001
1118.0000,-4.6841E+001
1119.0000,-5.0258E+001
1120.0000,-4.4703E+001
1121.0000,-4.2886E+001
1122.0000,-2.9730E+001
1123.0000,-1.8588E+001
1124.0000,-1.9326E+001
1125.0000,-1.9706E+001
1126.0000,-1.7580E+001
1127.0000,-3.5742E+001
1128.0000,-3.5960E+001
1129.0000,-3.6024E+001
1130.0000,-4.1634E+001
1131.0000,-4.2694E+001
1132.0000,-4.7250E+001
1133.0000,-3.2617E+001
1134.0000,-2.6597E+001
1135.0000,-3.3026E+001
1136.0000,-2.9384E+001
1137.0000,-2.8552E+001
1138.0000,-4.1497E+001
1139.0000,-3.3117E+001
1140.0000,-2.8129E+001
1141.0000,-1.8932E+001
1142.0000,-2.0270E+001
1143.0000,-2.3996E+001
1144.0000,-2.4879E+001
1145.0000,-2.0601E+001
1146.0000,-1.0366E+001
1147.0000,-1.1108E+001
1148.0000,-1.3988E+001
1149.0000,-1.1655E+001
1150.0000,-1.3299E+001
1151.0000,-1.3099E+001
1152.0000,-1.9309E+001
1153.0000,-1.6331E+001
1154.0000,-1.3376E+001
1155.0000,-1.6104E+001
1156.0000,-1.8443E+001
1157.0000,-2.2577E+001
1158.0000,-2.4699E+001
1159.0000,0.0000E+000
1160.0000,0.0000E+000
1161.0000,0.0000E+000
1162.0000,0.0000E+000
1163.0000,0.0000E+000
1164.0000,0.0000E+000
1165.0000,0.0000E+000
1166.0000,0.0000E+000
1167.0000,0.0000E+000
1168.0000,0.0000E+000
1169.0000,0.0000E+000
1170.0000,0.0000E+000
1171.0000,0.0000E+000
1172.0000,0.0000E+000
1173.0000,-8.0528E-001
1174.0000,-9.3825E-002
1175.0000,-1.3696E-002
1176.0000,-2.3294E-002
1177.0000,0.0000E+000
1178.0000,0.0000E+000
1179.0000,0.0000E+000
1180.0000,0.0000E+000
1181.0000,-4.5509E+000
1182.0000,-9.8098E-001
1183.0000,-8.2683E-002
1184.0000,-1.0671E+000
1185.0000,-8.4754E-001
1186.0000,-5.2440E-002
1187.0000,7.8382E-002
1188.0000,4.5173E-002
1189.0000,-8.1525E-002
1190.0000,-5.6433E-003
1191.0000,-4.9073E-003
1192.0000,-1.8738E-001
1193.0000,-6.1166E+000
1194.0000,-1.1183E+001
1195.0000,-6.9443E+000
1196.0000,-8.7322E+000
1197.0000,-9.4984E+000
1198.0000,-3.5160E+001
1199.0000,-3.3753E+001
1200.0000,-2.3444E+001
1201.0000,-1.4270E+001
1202.0000,-6.2411E+000
1203.0000,-1.2628E+000
1204.0000,-6.2650E+000
1205.0000,-7.8096E+000
1206.0000,-3.8288E+000
1207.0000,-1.1562E+001
1208.0000,-6.2482E+000
1209.0000,-4.4567E+000
1210.0000,-9.9085E+000
1211.0000,-1.2429E+001
1212.0000,-8.6998E+000
1213.0000,-1.5293E+000
1214.0000,-2.5821E+000
1215.0000,-3.8345E+000
1216.0000,-4.7887E+000
1217.0000,-9.9838E+000
1218.0000,-3.6972E+000
1219.0000,-9.8682E+000
1220.0000,-1.3597E+001
1221.0000,-1.0572E+001
1222.0000,-7.8292E+000
1223.0000,-1.2880E+001
1224.0000,-1.4354E+001
1225.0000,-1.2102E+001
1226.0000,-8.7868E+000
1227.0000,-1.0758E+001
1228.0000,-3.5326E+001
1229.0000,-2.2608E+001
1230.0000,-2.6506E+001
1231.0000,-2.2675E+001
1232.0000,-1.4872E+001
1233.0000,-1.4831E+001
1234.0000,-1.7434E+001
1235.0000,-2.9320E+001
1236.0000,-2.4816E+001
1237.0000,-2.4337E+001
1238.0000,-3.6992E+001
1239.0000,-3.1224E+001
1240.0000,-3.0471E+001
1241.0000,-2.4947E+001
1242.0000,-2.5824E+001
1243.0000,-2.4336E+001
1244.0000,-2.5870E+001
1245.0000,-1.9712E+001
1246.0000,-1.5415E+001
1247.0000,-1.8810E+001
1248.0000,-3.1455E+001
1249.0000,-3.8053E+001
1250.0000,-3.6486E+001
1251.0000,-2.2885E+001
1252.0000,-4.2235E+001
1253.0000,-3.1482E+001
1254.0000,-3.1225E+001
1255.0000,-4.9302E+001
1256.0000,-4.1178E+001
1257.0000,-4.1794E+001
1258.0000,-5.0224E+001
1259.0000,-3.6397E+001
1260.0000,-5.3681E+001
1261.0000,-4.3879E+001
1262.0000,-3.0855E+001
1263.0000,-4.0931E+001
1264.0000,-5.1587E+001
1265.0000,-5.1101E+001
1266.0000,-4.7686E+001
1267.0000,-4.9498E+001
1268.0000,-8.9259E+001
1269.0000,-8.4626E+001
1270.0000,-5.3271E+001
1271.0000,-3.0884E+001
1272.0000,-3.8483E+001
1273.0000,-4.5321E+001
1274.0000,-4.7619E+001
1275.0000,-5.1721E+001
1276.0000,-5.6830E+001
1277.0000,-5.6390E+001
1278.0000,-7.6569E+001
1279.0000,-6.0320E+001
1280.0000,-4.7513E+001
1281.0000,-4.8508E+001
1282.0000,-3.0589E+001
1283.0000,-3.7754E+001
1284.0000,-4.9491E+001
1285.0000,-7.2150E+001
1286.0000,-8.7373E+001
1287.0000,-8.0241E+001
1288.0000,-4.0614E+001
1289.0000,-7.5201E+001
1290.0000,-7.0786E+001
1291.0000,-5.8164E+001
1292.0000,-5.7673E+001
1293.0000,-1.1733E+002
1294.0000,-8.5776E+001
1295.0000,-4.0129E+001
1296.0000,-7.0607E+001
1297.0000,-5.2041E+001
1298.0000,-5.8608E+001
1299.0000,-3.8127E+001
1300.0000,-5.1740E+001
1301.0000,-5.7431E+001
1302.0000,-5.0964E+001
1303.0000,-4.8229E+001
1304.0000,-4.1634E+001
1305.0000,-5.4564E+001
1306.0000,-1.1839E+001
1307.0000,-4.4037E+001
1308.0000,-5.3161E+001
1309.0000,-4.4144E+001
1310.0000,-4.6745E+001
1311.0000,-9.4338E+001
1312.0000,-1.0066E+002
1313.0000,-1.2166E+002
1314.0000,-4.6630E+001
1315.0000,-8.0159E+001
1316.0000,-9.0899E+001
1317.0000,-5.5021E+001
1318.0000,-5.3597E+001
1319.0000,-7.2239E+001
1320.0000,-3.6788E+001
1321.0000,-4.5497E+001
1322.0000,-7.4338E+001
1323.0000,-8.4263E+001
1324.0000,-4.2243E+001
1325.0000,-1.0813E+002
1326.0000,-9.8367E+001
1327.0000,-1.0312E+002
1328.0000,-6.7349E+001
1329.0000,-4.5944E+001
1330.0000,-4.9766E+001
1331.0000,-5.8594E+001
1332.0000,-7.9579E+001
1333.0000,-4.3868E+001
1334.0000,-9.4425E+001
1335.0000,-5.6705E+001
1336.0000,-8.7688E+001
1337.0000,-2.2553E+001
1338.0000,-3.4563E+001
1339.0000,-4.3924E+001
1340.0000,-7.3145E+001
1341.0000,-4.4066E+001
1342.0000,-7.5084E+001
1343.0000,-3.8862E+001
1344.0000,-9.0567E+001
1345.0000,-7.0152E+001
1346.0000,-4.4924E+001
1347.0000,-7.1626E+001
1348.0000,-6.7568E+001
1349.0000,-8.5003E+001
1350.0000,-7.7124E+001
1351.0000,-6.9311E+001
1352.0000,-3.5584E+001
1353.0000,-5.1896E+001
1354.0000,-5.7174E+001
1355.0000,-6.5650E+001
1356.0000,-4.6883E+001
1357.0000,-6.4227E+001
1358.0000,-4.9552E+001
1359.0000,-4.4788E+001
1360.0000,-5.8672E+001
1361.0000,-5.3441E+001
1362.0000,-4.6798E+001
1363.0000,-3.8105E+001
1364.0000,-4.3222E+001
1365.0000,-6.0328E+001
1366.0000,-3.1248E+001
1367.0000,-2.7864E+001
1368.0000,-6.5187E+001
1369.0000,-9.0120E+001
1370.0000,-6.5076E+001
1371.0000,-4.0451E+001
1372.0000,-6.0064E+001
1373.0000,-7.0738E+001
1374.0000,-3.9910E+001
1375.0000,-3.6982E+001
1376.0000,-4.5611E+001
1377.0000,-4.1271E+001
1378.0000,-1.0625E+001
1379.0000,-2.3485E+001
1380.0000,-5.1662E+001
1381.0000,-3.8876E+001
1382.0000,-5.9515E+001
1383.0000,-2.7209E+001
1384.0000,-3.0972E+001
1385.0000,-6.4891E+001
1386.0000,-5.5683E+001
1387.0000,-4.4968E+001
1388.0000,-5.0999E+001
1389.0000,-6.6753E+001
1390.0000,-4.9055E+001
1391.0000,-2.1528E+001
1392.0000,-3.1870E+001
1393.0000,-1.9506E+001
1394.0000,-5.9659E+001
1395.0000,-7.3004E+001
1396.0000,-3.6963E+001
1397.0000,-3.3664E+001
1398.0000,-5.7544E+001
1399.0000,-2.9409E+001
1400.0000,-4.0440E+001
1401.0000,-4.6182E+001
1402.0000,-1.5306E+001
1403.0000,-3.9531E+001
1404.0000,-2.9745E+001
1405.0000,-5.3368E+001
1406.0000,-5.4087E+001
1407.0000,-2.2570E+001
1408.0000,-6.2839E+001
1409.0000,-4.7225E+001
1410.0000,-2.1946E+001
1411.0000,-4.8113E+001
1412.0000,-2.9566E+001
1413.0000,-3.2810E+001
1414.0000,0.0000E+000
1415.0000,0.0000E+000
1416.0000,0.0000E+000
1417.0000,0.0000E+000
1418.0000,0.0000E+000
1419.0000,0.0000E+000
1420.0000,0.0000E+000
1421.0000,0.0000E+000
1422.0000,0.0000E+000
1423.0000,0.0000E+000
1424.0000,0.0000E+000
1425.0000,0.0000E+000
1426.0000,0.0000E+000
1427.0000,0.0000E+000
1428.0000,0.0000E+000
1429.0000,0.0000E+000
1430.0000,0.0000E+000
1431.0000,0.0000E+000
1432.0000,0.0000E+000
1433.0000,0.0000E+000
1434.0000,0.0000E+000
1435.0000,0.0000E+000
1436.0000,0.0000E+000
1437.0000,0.0000E+000
1438.0000,0.0000E+000
1439.0000,0.0000E+000
1440.0000,0.0000E+000
1441.0000,0.0000E+000
1442.0000,0.0000E+000
1443.0000,0.0000E+000
1444.0000,0.0000E+000
1445.0000,0.0000E+000
1446.0000,0.0000E+000
1447.0000,0.0000E+000
1448.0000,0.0000E+000
1449.0000,0.0000E+000
1450.0000,0.0000E+000
1451.0000,0.0000E+000
1452.0000,0.0000E+000
1453.0000,0.0000E+000
1454.0000,0.0000E+000
1455.0000,0.0000E+000
1456.0000,0.0000E+000
1457.0000,0.0000E+000
1458.0000,0.0000E+000
1459.0000,0.0000E+000
1460.0000,0.0000E+000
1461.0000,0.0000E+000
1462.0000,0.0000E+000
1463.0000,0.0000E+000
1464.0000,0.0000E+000
1465.0000,0.0000E+000
1466.0000,0.0000E+000
1467.0000,0.0000E+000
1468.0000,0.0000E+000
1469.0000,0.0000E+000
1470.0000,0.0000E+000
1471.0000,0.0000E+000
1472.0000,0.0000E+000
1473.0000,0.0000E+000
1474.0000,0.0000E+000
1475.0000,0.0000E+000
1476.0000,0.0000E+000
1477.0000,0.0000E+000
1478.0000,0.0000E+000
1479.0000,0.0000E+000
1480.0000,0.0000E+000
1481.0000,0.0000E+000
1482.0000,0.0000E+000
1483.0000,0.0000E+000
1484.0000,0.0000E+000
1485.0000,0.0000E+000
1486.0000,0.0000E+000
1487.0000,0.0000E+000
1488.0000,0.0000E+000
1489.0000,0.0000E+000
1490.0000,0.0000E+000
1491.0000,0.0000E+000
1492.0000,0.0000E+000
1493.0000,0.0000E+000
1494.0000,0.0000E+000
1495.0000,0.0000E+000
1496.0000,0.0000E+000
1497.0000,0.0000E+000
1498.0000,0.0000E+000
1499.0000,0.0000E+000
1500.0000,0.0000E+000
1501.0000,0.0000E+000
1502.0000,0.0000E+000
1503.0000,0.0000E+000
1504.0000,0.0000E+000
1505.0000,0.0000E+000
1506.0000,0.0000E+000
1507.0000,0.0000E+000
1508.0000,0.0000E+000
1509.0000,0.0000E+000
1510.0000,0.0000E+000
1511.0000,0.0000E+000
1512.0000,0.0000E+000
1513.0000,0.0000E+000
1514.0000,0.0000E+000
1515.0000,0.0000E+000
1516.0000,0.0000E+000
1517.0000,0.0000E+000
1518.0000,0.0000E+000
1519.0000,0.0000E+000
1520.0000,0.0000E+000
1521.0000,0.0000E+000
1522.0000,0.0000E+000
1523.0000,0.0000E+000
1524.0000,0.0000E+000
1525.0000,0.0000E+000
1526.0000,0.0000E+000
1527.0000,0.0000E+000
1528.0000,0.0000E+000
1529.0000,0.0000E+000
1530.0000,0.0000E+000
1531.0000,0.0000E+000
1532.0000,0.0000E+000
1533.0000,0.0000E+000
1534.0000,0.0000E+000
1535.0000,0.0000E+000
1536.0000,0.0000E+000
1537.0000,0.0000E+000
1538.0000,0.0000E+000
1539.0000,0.0000E+000
1540.0000,0.0000E+000
1541.0000,0.0000E+000
1542.0000,0.0000E+000
1543.0000,0.0000E+000
1544.0000,0.0000E+000
1545.0000,0.0000E+000
1546.0000,0.0000E+000
1547.0000,0.0000E+000
1548.0000,0.0000E+000
1549.0000,0.0000E+000
1550.0000,0.0000E+000
1551.0000,0.0000E+000
1552.0000,-2.1726E+000
1553.0000,-7.5749E-001
1554.0000,1.1437E-002
1555.0000,-2.9437E-001
1556.0000,-7.6531E-001
1557.0000,-1.2356E+000
1558.0000,-3.3680E-001
1559.0000,8.8623E-001
1560.0000,1.7773E+000
1561.0000,2.2429E+000
1562.0000,1.9153E+000
1563.0000,2.8050E+000
1564.0000,3.3275E-001
1565.0000,1.4359E-001
1566.0000,7.5163E-001
1567.0000,1.2179E+000
1568.0000,2.4898E-001
1569.0000,5.8055E-001
1570.0000,1.3587E+000
1571.0000,5.9790E-001
1572.0000,3.2714E-001
1573.0000,6.0810E-001
1574.0000,6.2892E-001
1575.0000,1.2721E+000
1576.0000,6.8332E-001
1577.0000,4.5895E-001
1578.0000,7.6466E-001
1579.0000,6.7363E-001
1580.0000,5.6214E-001
1581.0000,3.9463E-001
1582.0000,2.8762E-002
1583.0000,1.9793E-001
1584.0000,1.9043E+000
1585.0000,3.7827E+000
1586.0000,1.2369E+000
1587.0000,8.9565E-001
1588.0000,-6.3122E-001
1589.0000,-9.6890E-001
1590.0000,-1.4258E+000
1591.0000,-7.4831E-001
1592.0000,-2.4206E+000
1593.0000,-4.3923E+000
1594.0000,-1.1345E+001
1595.0000,-2.1859E+001
1596.0000,-1.3048E+001
1597.0000,-1.6746E+001
1598.0000,-1.3400E+001
1599.0000,-1.6084E+001
1600.0000,-1.3250E+001
1601.0000,-1.8276E+001
1602.0000,-2.0173E+001
1603.0000,-2.5442E+001
1604.0000,-2.4629E+001
1605.0000,-2.6195E+001
1606.0000,-4.0707E+001
1607.0000,-5.0870E+001
1608.0000,-2.9048E+001
1609.0000,-1.9725E+001
1610.0000,-4.1959E+001
1611.0000,-3.6883E+001
1612.0000,-1.5694E+001
1613.0000,-2.7783E+001
1614.0000,-3.4191E+001
1615.0000,-3.3906E+001
1616.0000,-3.2668E+001
1617.0000,-2.6942E+001
1618.0000,-2.7134E+001
1619.0000,-2.8985E+001
1620.0000,-3.7372E+001
1621.0000,-5.5502E+001
1622.0000,-5.0082E+001
1623.0000,-4.0129E+001
1624.0000,-3.7951E+001
1625.0000,-3.5080E+001
1626.0000,-3.0579E+001
1627.0000,-3.0453E+001
1628.0000,-3.8427E+001
1629.0000,-5.4652E+001
1630.0000,-5.1668E+001
1631.0000,-7.2684E+001
1632.0000,-6.2728E+001
1633.0000,-3.7930E+001
1634.0000,-4.4659E+001
1635.0000,-3.6808E+001
1636.0000,-5.4630E+001
1637.0000,-4.5481E+001
1638.0000,-4.9206E+001
1639.0000,-3.6156E+001
1640.0000,-6.7717E+001
1641.0000,-7.5136E+001
1642.0000,-7.4734E+001
1643.0000,-3.9990E+001
1644.0000,-8.3816E+001
1645.0000,-5.8070E+001
1646.0000,-4.9314E+001
1647.0000,-5.4229E+001
1648.0000,-4.8008E+001
1649.0000,-4.1975E+001
1650.0000,-5.0512E+001
1651.0000,-3.7553E+001
1652.0000,-4.6035E+001
1653.0000,-4.3874E+001
1654.0000,-4.7283E+001
1655.0000,-3.2012E+001
1656.0000,-4.0689E+001
1657.0000,-6.1479E+001
1658.0000,-6.5588E+001
1659.0000,-4.4501E+001
1660.0000,-3.2330E+001
1661.0000,-4.8992E+001
1662.0000,-6.5618E+001
1663.0000,-7.0484E+001
1664.0000,-5.8020E+001
1665.0000,-4.6478E+001
1666.0000,-4.5894E+001
1667.0000,-5.8989E+001
1668.0000,-3.3636E+001
1669.0000,-5.1639E+001
1670.0000,-5.4971E+001
1671.0000,-6.6655E+001
1672.0000,-4.8549E+001
1673.0000,-4.7941E+001
1674.0000,-7.5525E+001
1675.0000,-6.2590E+001
1676.0000,-5.0898E+001
1677.0000,-6.1161E+001
1678.0000,-6.0345E+001
1679.0000,-9.6630E+001
1680.0000,-9.8650E+001
1681.0000,-4.9786E+001
1682.0000,-4.5152E+001
1683.0000,-5.8841E+001
1684.0000,-7.6910E+001
1685.0000,-3.3421E+001
1686.0000,-5.9146E+001
1687.0000,-7.3772E+001
1688.0000,-6.8229E+001
1689.0000,-4.7514E+001
1690.0000,-7.9772E+001
1691.0000,-8.8056E+001
1692.0000,-5.5329E+001
1693.0000,-9.5586E+001
1694.0000,-5.3717E+001
1695.0000,-5.3189E+001
1696.0000,-9.6439E+001
1697.0000,-7.7715E+001
1698.0000,-7.0480E+001
1699.0000,-5.8095E+001
1700.0000,-3.7199E+001
1701.0000,-3.5723E+001
1702.0000,-5.1115E+001
1703.0000,-6.5491E+001
1704.0000,-8.8553E+001
1705.0000,-4.3015E+001
1706.0000,-5.7743E+001
1707.0000,-8.7466E+001
1708.0000,-3.6322E+001
1709.0000,-3.5307E+001
1710.0000,-4.8326E+001
1711.0000,-5.0731E+001
1712.0000,-9.5461E+001
1713.0000,-8.0198E+001
1714.0000,-7.2938E+001
1715.0000,-8.7803E+001
1716.0000,-9.2478E+001
1717.0000,-3.0344E+001
1718.0000,-5.1720E+001
1719.0000,-6.4816E+001
1720.0000,-3.9162E+001
1721.0000,-4.2669E+001
1722.0000,-3.1864E+001
1723.0000,-5.1443E+001
1724.0000,-4.3762E+001
1725.0000,-4.7144E+001
1726.0000,-4.2662E+001
1727.0000,-6.6728E+001
1728.0000,-7.4746E+001
1729.0000,-2.2842E+001
1730.0000,-3.0850E+001
1731.0000,-2.2784E+001
1732.0000,-4.9393E+001
1733.0000,-6.2795E+001
1734.0000,-1.6325E+001
1735.0000,-2.5133E+001
1736.0000,-4.2806E+001
1737.0000,-3.5850E+001
1738.0000,-5.6146E+001
1739.0000,-4.6497E+001
1740.0000,-3.5717E+001
1741.0000,-2.8909E+001
1742.0000,-9.0502E+001
1743.0000,-7.9506E+001
1744.0000,-6.6096E+001
1745.0000,-4.2952E+001
1746.0000,-5.2496E+001
1747.0000,-3.0859E+001
1748.0000,-4.7996E+001
1749.0000,-1.8444E+001
1750.0000,-3.6400E+001
1751.0000,-6.5127E+001
1752.0000,-7.0060E+001
1753.0000,-5.7029E+001
1754.0000,-7.0683E+001
1755.0000,-1.5754E+001
1756.0000,-1.8513E+001
1757.0000,-2.8399E+001
1758.0000,-4.3475E+001
1759.0000,-2.4349E+001
1760.0000,-4.4620E+001
1761.0000,-1.5187E+001
1762.0000,-1.9409E+001
1763.0000,-3.4417E+001
1764.0000,-3.5360E+001
1765.0000,-2.3130E+001
1766.0000,-3.6293E+001
1767.0000,-3.5928E+001
1768.0000,-1.9175E+001
1769.0000,-2.8830E+001
1770.0000,-3.0777E+001
1771.0000,-3.1408E+001
1772.0000,-4.7935E+001
1773.0000,-2.9685E+001
1774.0000,-4.8372E+001
1775.0000,-3.6185E+001
1776.0000,-3.7779E+001
1777.0000,-5.5311E+001
1778.0000,-6.3608E+001
1779.0000,-2.0102E+001
1780.0000,-2.0106E+001
1781.0000,-3.8978E+001
1782.0000,-5.0129E+001
1783.0000,-7.0515E+000
1784.0000,-2.5026E+001
1785.0000,-4.1627E+001
1786.0000,-3.1779E+001
1787.0000,-4.2738E+001
1788.0000,-1.9147E+001
1789.0000,-1.9132E+001
1790.0000,-2.6439E+001
1791.0000,-2.2173E+001
1792.0000,-3.3425E+001
1793.0000,-3.9598E+001
1794.0000,-4.7955E+001
1795.0000,-3.4010E+001
1796.0000,-4.5728E+001
1797.0000,-3.8680E+001
1798.0000,-4.6449E+001
1799.0000,-4.6018E+001
1800.0000,-3.6257E+001
1801.0000,-6.0939E+001
1802.0000,-3.9471E+001
1803.0000,-2.2105E+001
1804.0000,-4.0879E+001
1805.0000,-2.7715E+001
1806.0000,-2.3956E+001
1807.0000,-3.1683E+001
1808.0000,-2.3518E+001
1809.0000,-3.9760E+001
1810.0000,-5.0063E+001
1811.0000,-5.6311E+001
1812.0000,-5.0349E+001
1813.0000,-4.2892E+001
1814.0000,-3.5090E+001
1815.0000,-2.3542E+001
1816.0000,-1.9294E+001
1817.0000,-2.2285E+001
1818.0000,-3.2640E+001
1819.0000,-1.8598E+001
1820.0000,-3.1911E+001
1821.0000,-3.8022E+001
1822.0000,-5.0453E+001
1823.0000,-5.0628E+001
1824.0000,-5.1438E+001
1825.0000,-4.7552E+001
1826.0000,-5.4368E+001
1827.0000,-5.4125E+001
1828.0000,-3.2639E+001
1829.0000,-3.0393E+001
1830.0000,-4.7965E+001
1831.0000,-5.6476E+001
1832.0000,-3.7846E+001
1833.0000,-3.4347E+001
1834.0000,-3.8070E+001
1835.0000,-2.7365E+001
1836.0000,-3.9634E+001
1837.0000,-6.1553E+001
1838.0000,-6.2572E+001
1839.0000,-5.5183E+001
1840.0000,-4.5596E+001
1841.0000,-4.0626E+001
1842.0000,-5.3474E+001
1843.0000,-5.9313E+001
1844.0000,-4.6554E+001
1845.0000,-4.3446E+001
1846.0000,-3.6094E+001
1847.0000,-3.2683E+001
1848.0000,-2.9668E+001
1849.0000,-2.4356E+001
1850.0000,-2.6598E+001
1851.0000,-2.3565E+001
1852.0000,-2.2095E+001
1853.0000,-1.2219E+001
1854.0000,-1.3921E+001
1855.0000,-1.7534E+001
1856.0000,-2.4218E+001
1857.0000,-1.5899E+001
1858.0000,-1.3278E+001
1859.0000,-1.9191E+001
1860.0000,-4.2708E+001
1861.0000,-3.8118E+001
1862.0000,-3.6551E+001
1863.0000,-2.3515E+001
1864.0000,-1.8060E+001
1865.0000,-2.2604E+001
1866.0000,-2.3881E+001
1867.0000,-1.9519E+001
1868.0000,-1.6543E+001
1869.0000,-9.1081E+000
1870.0000,-1.2225E+001
1871.0000,-2.4137E+001
1872.0000,-2.3652E+001
1873.0000,-1.7268E+001
1874.0000,-1.4406E+001
1875.0000,-1.6251E+001
1876.0000,-1.7155E+001
1877.0000,-3.0426E+001
1878.0000,-2.0934E+001
1879.0000,-2.3280E+001
1880.0000,-1.3078E+001
1881.0000,-1.1711E+001
1882.0000,-1.3113E+001
1883.0000,-1.6457E+001
1884.0000,-2.4360E+001
1885.0000,-1.0577E+001
1886.0000,-1.0909E+001
1887.0000,-2.4747E+001
1888.0000,-2.8712E+001
1889.0000,-1.2604E+001
1890.0000,-2.0894E+001
1891.0000,-3.5664E+001
1892.0000,-2.9230E+001
1893.0000,-4.3588E+001
1894.0000,-3.1724E+001
1895.0000,-2.5560E+001
1896.0000,-2.4057E+001
1897.0000,-1.3314E+001
1898.0000,-4.1241E+000
1899.0000,-2.8418E+000
1900.0000,-3.7867E+000
1901.0000,-7.3975E+000
1902.0000,-7.6530E+000
1903.0000,-1.3437E+001
1904.0000,-2.6391E+001
1905.0000,-2.0203E+001
1906.0000,-1.0936E+001
1907.0000,-1.4452E+001
1908.0000,-1.6048E+001
1909.0000,-2.6211E+001
1910.0000,-3.6383E+001
1911.0000,-2.2918E+001
1912.0000,-1.5613E+001
1913.0000,-9.5801E+000
1914.0000,-3.1801E+000
1915.0000,-7.4011E+000
1916.0000,-5.2884E+000
1917.0000,-4.7969E+000
1918.0000,-3.6189E+000
1919.0000,-1.9033E+000
1920.0000,-1.7440E+000
1921.0000,2.6378E-001
1922.0000,1.2275E-001
1923.0000,-4.9704E+000
1924.0000,-8.7766E+000
1925.0000,-5.3283E+000
1926.0000,-8.8635E-001
1927.0000,-4.0109E+000
1928.0000,-7.1531E+000
1929.0000,-8.7946E+000
1930.0000,-7.2088E+000
1931.0000,-6.3896E+000
1932.0000,-1.5443E+001
1933.0000,-2.4583E+001
1934.0000,-2.2965E+001
1935.0000,-1.9018E+001
1936.0000,-1.9799E+001
1937.0000,-1.7364E+001
1938.0000,-1.6253E+001
1939.0000,-2.0091E+001
1940.0000,-4.1155E+001
1941.0000,-3.1798E+001
1942.0000,-1.8360E+001
1943.0000,-9.7392E+000
1944.0000,-4.1891E+000
1945.0000,-2.5078E+000
1946.0000,-4.4162E+000
1947.0000,-8.3753E+000
1948.0000,-1.3301E+001
1949.0000,-2.0512E+001
1950.0000,-1.6153E+001
1951.0000,-1.1514E+001
1952.0000,-1.0858E+001
1953.0000,-1.5121E+001
1954.0000,-2.6901E+001
1955.0000,-2.8414E+001
1956.0000,-2.1652E+001
1957.0000,-1.5904E+001
1958.0000,-1.8297E+001
1959.0000,-1.9347E+001
1960.0000,-2.5243E+001
1961.0000,-3.9045E+001
1962.0000,-2.7305E+001
1963.0000,-2.3702E+001
1964.0000,-2.4709E+001
1965.0000,-2.9377E+001
1966.0000,-3.4383E+001
1967.0000,-3.7358E+001
1968.0000,-3.0078E+001
1969.0000,-2.4013E+001
1970.0000,-7.3015E+000
1971.0000,-1.4408E+001
1972.0000,-2.3537E+001
1973.0000,-3.0904E+001
1974.0000,-3.7035E+001
1975.0000,-3.0477E+001
1976.0000,-2.9315E+001
1977.0000,-3.3990E+001
1978.0000,-3.7333E+001
1979.0000,-3.3123E+001
1980.0000,-3.7311E+001
1981.0000,-2.5561E+001
1982.0000,-3.0162E+001
1983.0000,-3.4241E+001
1984.0000,-4.1785E+001
1985.0000,-5.0250E+001
1986.0000,-5.1335E+001
1987.0000,-5.2739E+001
1988.0000,-5.5648E+001
1989.0000,-3.8182E+001
1990.0000,-3.5049E+001
1991.0000,-3.0471E+001
1992.0000,-3.6199E+001
1993.0000,-5.2531E+001
1994.0000,-6.7539E+001
1995.0000,-4.7983E+001
1996.0000,-5.3368E+001
1997.0000,-6.1158E+001
1998.0000,-6.3789E+001
1999.0000,-5.8399E+001
2000.0000,-4.0400E+001
2001.0000,-3.9833E+001
2002.0000,-5.0475E+001
2003.0000,-3.4759E+001
2004.0000,-6.6109E+001
2005.0000,-6.4939E+001
2006.0000,-4.1600E+001
2007.0000,-3.0959E+001
2008.0000,-2.1619E+001
2009.0000,-6.7498E+001
2010.0000,-6.1724E+001
2011.0000,-7.5221E+001
2012.0000,-6.5868E+001
2013.0000,-4.4519E+001
2014.0000,-5.6389E+001
2015.0000,-5.1387E+001
2016.0000,-6.7484E+001
2017.0000,-4.7456E+001
2018.0000,-7.1344E+001
2019.0000,-7.0977E+001
2020.0000,-4.0783E+001
2021.0000,-6.7990E+001
2022.0000,-4.3038E+001
2023.0000,-4.9370E+001
2024.0000,-6.0016E+001
2025.0000,-6.6142E+001
2026.0000,-7.0090E+001
2027.0000,-7.4148E+001
2028.0000,-4.1569E+001
2029.0000,-7.1275E+001
2030.0000,-7.5868E+001
2031.0000,-6.9370E+001
2032.0000,-8.7576E+001
2033.0000,-1.0604E+002
2034.0000,-8.0464E+001
2035.0000,-7.6739E+001
2036.0000,-6.4798E+001
2037.0000,-9.9255E+001
2038.0000,-6.6880E+001
2039.0000,-4.6634E+001
2040.0000,-7.0095E+001
2041.0000,-5.2623E+001
2042.0000,-6.0269E+001
2043.0000,-8.0887E+001
2044.0000,-8.5480E+001
2045.0000,-6.1094E+001
2046.0000,-7.3027E+001
2047.0000,-5.6314E+001
2048.0000,-5.9855E+001
2049.0000,-6.2753E+001
2050.0000,-4.4932E+001
2051.0000,-6.1293E+001
2052.0000,-6.2734E+001
2053.0000,-6.2832E+001
2054.0000,-6.4297E+001
2055.0000,-5.5638E+001
2056.0000,-5.7741E+001
2057.0000,-7.0182E+001
2058.0000,-3.8891E+001
2059.0000,-7.2419E+001
2060.0000,-6.9948E+001
2061.0000,-2.7514E+001
2062.0000,-4.7539E+001
2063.0000,-6.0662E+001
2064.0000,-6.3688E+001
2065.0000,-3.9096E+001
2066.0000,-5.6877E+001
2067.0000,-3.2855E+001
2068.0000,-5.4854E+001
2069.0000,-3.4346E+001
2070.0000,-3.9136E+001
2071.0000,-5.6479E+001
2072.0000,-3.5108E+001
2073.0000,-3.9854E+001
2074.0000,-1.0732E+002
2075.0000,-8.1383E+001
2076.0000,-7.1721E+001
2077.0000,-6.3645E+001
2078.0000,-4.4897E+001
2079.0000,-5.6437E+001
2080.0000,-8.1528E+001
2081.0000,-6.3442E+001
2082.0000,-4.4941E+001
2083.0000,-5.4810E+001
2084.0000,-6.3283E+001
2085.0000,-4.4215E+001
2086.0000,-6.8226E+001
2087.0000,-8.3343E+001
2088.0000,-7.3028E+001
2089.0000,-2.5502E+001
2090.0000,-3.4583E+001
2091.0000,-4.6472E+001
2092.0000,-4.8706E+001
2093.0000,-9.1223E+001
2094.0000,-7.2472E+001
2095.0000,-5.7523E+001
2096.0000,-7.3532E+001
2097.0000,-2.5529E+001
2098.0000,-6.5132E+001
2099.0000,-5.0375E+001
2100.0000,-3.6899E+001
2101.0000,-7.3963E+001
2102.0000,-6.7380E+001
2103.0000,-6.6889E+001
2104.0000,-3.7236E+001
2105.0000,-6.2532E+001
2106.0000,-1.2587E+002
2107.0000,-3.2544E+001
2108.0000,-4.5484E+001
2109.0000,-3.6171E+001
2110.0000,-6.4709E+001
2111.0000,-5.8605E+001
2112.0000,-3.0297E+001
2113.0000,-6.7380E+001
2114.0000,-1.7015E+001
2115.0000,-4.4116E+001
2116.0000,-7.8048E+001
2117.0000,-7.2861E+001
2118.0000,-7.9522E+001
2119.0000,-7.1051E+001
2120.0000,-5.8855E+001
2121.0000,-3.9105E+001
2122.0000,-5.4401E+001
2123.0000,-5.4724E+001
2124.0000,-3.7909E+001
2125.0000,-5.4928E+001
2126.0000,-5.3880E+001
2127.0000,-3.3651E+001
2128.0000,-3.4708E+001
2129.0000,-3.4967E+001
2130.0000,-4.7046E+001
2131.0000,-3.7863E+001
2132.0000,-4.8510E+001
2133.0000,-3.7643E+001
2134.0000,-2.5537E+001
2135.0000,-4.7088E+001
2136.0000,-4.4129E+001
2137.0000,-5.9595E+001
2138.0000,-2.0552E+001
2139.0000,-3.0486E+001
2140.0000,-3.2478E+001
2141.0000,-1.2873E+001
2142.0000,-2.1472E+001
2143.0000,-1.5771E+001
2144.0000,-2.0813E+001
2145.0000,-1.4144E+001
2146.0000,-4.0952E+001
2147.0000,-4.4513E+001
2148.0000,-2.7334E+001
2149.0000,-1.2892E+001
2150.0000,-1.9849E+001
2151.0000,-3.9416E+001
2152.0000,-2.7772E+001
2153.0000,-1.9926E+001
2154.0000,-3.4560E+001
2155.0000,-2.6262E+001
2156.0000,-1.2829E+001
2157.0000,-3.7991E+001
2158.0000,-2.4386E+001
2159.0000,-3.6440E+001
2160.0000,-3.5566E+001
2161.0000,-3.4752E+001
2162.0000,-3.3528E+001
2163.0000,-4.7674E+001
2164.0000,0.0000E+000
2165.0000,0.0000E+000
2166.0000,0.0000E+000
2167.0000,0.0000E+000
2168.0000,0.0000E+000
2169.0000,0.0000E+000
2170.0000,0.0000E+000
2171.0000,0.0000E+000
2172.0000,0.0000E+000
2173.0000,0.0000E+000
2174.0000,0.0000E+000
2175.0000,0.0000E+000
2176.0000,0.0000E+000
2177.0000,0.0000E+000
2178.0000,0.0000E+000
2179.0000,0.0000E+000
2180.0000,0.0000E+000
2181.0000,0.0000E+000
2182.0000,0.0000E+000
2183.0000,0.0000E+000
2184.0000,0.0000E+000
2185.0000,0.0000E+000
2186.0000,0.0000E+000
2187.0000,0.0000E+000
2188.0000,0.0000E+000
2189.0000,0.0000E+000
2190.0000,0.0000E+000
2191.0000,0.0000E+000
2192.0000,0.0000E+000
