"",77.800
30.0000,0.0000E+000
31.0000,-3.2226E+002
32.0000,-3.2052E+002
33.0000,-3.1723E+002
34.0000,-3.1326E+002
35.0000,-3.0979E+002
36.0000,-3.0710E+002
37.0000,0.0000E+000
38.0000,0.0000E+000
39.0000,0.0000E+000
40.0000,0.0000E+000
41.0000,0.0000E+000
42.0000,0.0000E+000
43.0000,0.0000E+000
44.0000,0.0000E+000
45.0000,0.0000E+000
46.0000,0.0000E+000
47.0000,0.0000E+000
48.0000,0.0000E+000
49.0000,0.0000E+000
50.0000,0.0000E+000
51.0000,0.0000E+000
52.0000,0.0000E+000
53.0000,0.0000E+000
54.0000,0.0000E+000
55.0000,0.0000E+000
56.0000,0.0000E+000
57.0000,0.0000E+000
58.0000,0.0000E+000
59.0000,0.0000E+000
60.0000,0.0000E+000
61.0000,0.0000E+000
62.0000,0.0000E+000
63.0000,0.0000E+000
64.0000,0.0000E+000
65.0000,0.0000E+000
66.0000,0.0000E+000
67.0000,0.0000E+000
68.0000,-2.5253E+002
69.0000,-2.5253E+002
70.0000,-2.5253E+002
71.0000,-3.0932E+002
72.0000,-3.0932E+002
73.0000,0.0000E+000
74.0000,0.0000E+000
75.0000,0.0000E+000
76.0000,0.0000E+000
77.0000,-2.5253E+002
78.0000,-2.5253E+002
79.0000,-2.5253E+002
80.0000,-3.0932E+002
81.0000,-3.0932E+002
82.0000,-3.0932E+002
83.0000,-3.0932E+002
84.0000,-3.0932E+002
85.0000,-3.0932E+002
86.0000,-3.0932E+002
87.0000,-3.0932E+002
88.0000,-3.0932E+002
89.0000,-3.0932E+002
90.0000,-3.0932E+002
91.0000,-3.0932E+002
92.0000,-3.0932E+002
93.0000,-3.0932E+002
94.0000,-3.0840E+002
95.0000,-3.3318E+002
96.0000,-3.3260E+002
97.0000,-3.3264E+002
98.0000,-3.3383E+002
99.0000,-3.3510E+002
100.0000,-3.3496E+002
101.0000,-3.3473E+002
102.0000,-3.3542E+002
103.0000,-3.3664E+002
104.0000,-3.3837E+002
105.0000,-3.4025E+002
106.0000,-3.4173E+002
107.0000,-3.4260E+002
108.0000,-3.4327E+002
109.0000,-3.4327E+002
110.0000,-3.4464E+002
111.0000,-3.4583E+002
112.0000,-3.4688E+002
113.0000,-3.4833E+002
114.0000,-3.5018E+002
115.0000,-3.5175E+002
116.0000,-3.5414E+002
117.0000,-3.5745E+002
118.0000,-3.5965E+002
119.0000,-3.6176E+002
120.0000,-3.6312E+002
121.0000,-3.6393E+002
122.0000,-3.6433E+002
123.0000,-3.6151E+002
124.0000,-3.6079E+002
125.0000,-3.6308E+002
126.0000,-3.6503E+002
127.0000,-3.6400E+002
128.0000,-3.5973E+002
129.0000,-3.6245E+002
130.0000,-3.5884E+002
131.0000,-3.6439E+002
132.0000,-3.5649E+002
133.0000,-3.5687E+002
134.0000,-3.6358E+002
135.0000,-3.6757E+002
136.0000,-3.6810E+002
137.0000,-3.6759E+002
138.0000,-3.7188E+002
139.0000,-3.7253E+002
140.0000,-3.7284E+002
141.0000,-3.7034E+002
142.0000,-3.7543E+002
143.0000,-3.7755E+002
144.0000,-3.8266E+002
145.0000,-3.8563E+002
146.0000,-3.8729E+002
147.0000,-3.8210E+002
148.0000,-3.8011E+002
149.0000,-3.7580E+002
150.0000,-3.8620E+002
151.0000,-3.9007E+002
152.0000,-3.7931E+002
153.0000,-3.8818E+002
154.0000,-3.9260E+002
155.0000,-3.8690E+002
156.0000,-3.8030E+002
157.0000,-3.9535E+002
158.0000,-3.9622E+002
159.0000,-3.9623E+002
160.0000,-3.9503E+002
161.0000,-3.9753E+002
162.0000,-3.9450E+002
163.0000,-3.8042E+002
164.0000,-3.9461E+002
165.0000,-3.9768E+002
166.0000,-3.9310E+002
167.0000,-3.9528E+002
168.0000,-3.9681E+002
169.0000,-3.9887E+002
170.0000,-3.8277E+002
171.0000,-3.8943E+002
172.0000,-4.0123E+002
173.0000,-4.0039E+002
174.0000,-3.8924E+002
175.0000,-3.9887E+002
176.0000,-3.9985E+002
177.0000,-3.9987E+002
178.0000,-4.0346E+002
179.0000,-4.0512E+002
180.0000,-4.0543E+002
181.0000,-4.0036E+002
182.0000,-4.0187E+002
183.0000,-4.0296E+002
184.0000,-4.0209E+002
185.0000,-3.9971E+002
186.0000,-3.9152E+002
187.0000,-4.0329E+002
188.0000,-3.8999E+002
189.0000,-3.8261E+002
190.0000,-3.9396E+002
191.0000,-3.9932E+002
192.0000,-4.0913E+002
193.0000,-4.1042E+002
194.0000,-4.1110E+002
195.0000,-4.1128E+002
196.0000,-4.0988E+002
197.0000,-4.0011E+002
198.0000,-4.1011E+002
199.0000,-4.0760E+002
200.0000,-4.1414E+002
201.0000,-4.1527E+002
202.0000,-4.1638E+002
203.0000,-4.1729E+002
204.0000,-4.1785E+002
205.0000,-4.1762E+002
206.0000,-4.1184E+002
207.0000,-4.1943E+002
208.0000,-4.2333E+002
209.0000,-4.1910E+002
210.0000,-4.1444E+002
211.0000,-4.1086E+002
212.0000,-4.2432E+002
213.0000,-4.1622E+002
214.0000,-4.2460E+002
215.0000,-4.1785E+002
216.0000,-4.1384E+002
217.0000,-4.2499E+002
218.0000,-4.2548E+002
219.0000,-4.0296E+002
220.0000,-4.0471E+002
221.0000,-4.0546E+002
222.0000,-4.0447E+002
223.0000,-4.1602E+002
224.0000,-4.1133E+002
225.0000,-4.1603E+002
226.0000,-3.9498E+002
227.0000,-4.0605E+002
228.0000,-4.1072E+002
229.0000,-4.1157E+002
230.0000,-3.9776E+002
231.0000,-4.1955E+002
232.0000,-4.1315E+002
233.0000,-4.1276E+002
234.0000,-4.2011E+002
235.0000,-4.1752E+002
236.0000,-4.2076E+002
237.0000,-4.2201E+002
238.0000,-4.1222E+002
239.0000,-4.1297E+002
240.0000,-4.2114E+002
241.0000,-4.1795E+002
242.0000,-4.1724E+002
243.0000,-4.2087E+002
244.0000,-4.1021E+002
245.0000,-4.1688E+002
246.0000,-4.1948E+002
247.0000,-4.1905E+002
248.0000,-4.2227E+002
249.0000,-4.0814E+002
250.0000,-4.1768E+002
251.0000,-3.8742E+002
252.0000,-4.1268E+002
253.0000,-4.1633E+002
254.0000,-4.1743E+002
255.0000,-4.0174E+002
256.0000,-4.1281E+002
257.0000,-3.8491E+002
258.0000,-3.9908E+002
259.0000,-4.1521E+002
260.0000,-4.0415E+002
261.0000,-4.0090E+002
262.0000,-4.0921E+002
263.0000,-3.9214E+002
264.0000,-3.9487E+002
265.0000,-4.0895E+002
266.0000,-4.1250E+002
267.0000,-4.1323E+002
268.0000,-3.7747E+002
269.0000,-3.8401E+002
270.0000,-4.0736E+002
271.0000,-3.9455E+002
272.0000,-3.9759E+002
273.0000,-3.7212E+002
274.0000,-3.7690E+002
275.0000,-3.8918E+002
276.0000,-3.6100E+002
277.0000,-3.8200E+002
278.0000,-3.9256E+002
279.0000,-3.8579E+002
280.0000,-3.8871E+002
281.0000,-3.8990E+002
282.0000,-3.8196E+002
283.0000,-3.9370E+002
284.0000,-3.7214E+002
285.0000,-3.6555E+002
286.0000,-3.8906E+002
287.0000,-3.8540E+002
288.0000,-3.7378E+002
289.0000,-3.7879E+002
290.0000,-3.5441E+002
291.0000,-3.6667E+002
292.0000,-3.6807E+002
293.0000,-3.8478E+002
294.0000,-3.5558E+002
295.0000,-3.7564E+002
296.0000,-3.7632E+002
297.0000,-3.6560E+002
298.0000,-3.7316E+002
299.0000,-3.7416E+002
300.0000,-3.6090E+002
301.0000,-3.8117E+002
302.0000,-3.7634E+002
303.0000,-3.7856E+002
304.0000,-3.7150E+002
305.0000,-3.5838E+002
306.0000,-3.5186E+002
307.0000,-3.6421E+002
308.0000,-3.4663E+002
309.0000,-3.6810E+002
310.0000,-3.4230E+002
311.0000,-3.5007E+002
312.0000,-3.5097E+002
313.0000,-3.3929E+002
314.0000,-3.4903E+002
315.0000,-3.5903E+002
316.0000,-3.3044E+002
317.0000,-3.3323E+002
318.0000,-3.5590E+002
319.0000,-3.4326E+002
320.0000,-3.4889E+002
321.0000,-3.2454E+002
322.0000,-3.3764E+002
323.0000,-3.4459E+002
324.0000,-3.3982E+002
325.0000,-3.4859E+002
326.0000,-3.4444E+002
327.0000,-3.5362E+002
328.0000,-3.4830E+002
329.0000,-3.4999E+002
330.0000,-3.2585E+002
331.0000,-3.4612E+002
332.0000,-3.4251E+002
333.0000,-3.3690E+002
334.0000,-3.3290E+002
335.0000,-3.4227E+002
336.0000,-3.3413E+002
337.0000,-3.2105E+002
338.0000,-3.2328E+002
339.0000,-3.3186E+002
340.0000,-3.4144E+002
341.0000,-3.4267E+002
342.0000,-3.4220E+002
343.0000,-3.3435E+002
344.0000,-3.3879E+002
345.0000,-3.3233E+002
346.0000,-3.2498E+002
347.0000,-3.0904E+002
348.0000,-3.0938E+002
349.0000,0.0000E+000
350.0000,0.0000E+000
351.0000,0.0000E+000
352.0000,0.0000E+000
353.0000,0.0000E+000
354.0000,0.0000E+000
355.0000,0.0000E+000
356.0000,0.0000E+000
357.0000,0.0000E+000
358.0000,0.0000E+000
359.0000,0.0000E+000
360.0000,0.0000E+000
361.0000,0.0000E+000
362.0000,0.0000E+000
363.0000,0.0000E+000
364.0000,0.0000E+000
365.0000,0.0000E+000
366.0000,0.0000E+000
367.0000,0.0000E+000
368.0000,0.0000E+000
369.0000,0.0000E+000
370.0000,0.0000E+000
371.0000,0.0000E+000
372.0000,0.0000E+000
373.0000,0.0000E+000
374.0000,0.0000E+000
375.0000,0.0000E+000
376.0000,0.0000E+000
377.0000,0.0000E+000
378.0000,0.0000E+000
379.0000,0.0000E+000
380.0000,0.0000E+000
381.0000,0.0000E+000
382.0000,0.0000E+000
383.0000,0.0000E+000
384.0000,0.0000E+000
385.0000,0.0000E+000
386.0000,0.0000E+000
387.0000,0.0000E+000
388.0000,0.0000E+000
389.0000,0.0000E+000
390.0000,0.0000E+000
391.0000,0.0000E+000
392.0000,0.0000E+000
393.0000,0.0000E+000
394.0000,0.0000E+000
395.0000,0.0000E+000
396.0000,0.0000E+000
397.0000,0.0000E+000
398.0000,0.0000E+000
399.0000,0.0000E+000
400.0000,0.0000E+000
401.0000,0.0000E+000
402.0000,0.0000E+000
403.0000,0.0000E+000
404.0000,0.0000E+000
405.0000,0.0000E+000
406.0000,-2.5254E+002
407.0000,0.0000E+000
408.0000,0.0000E+000
409.0000,0.0000E+000
410.0000,0.0000E+000
411.0000,0.0000E+000
412.0000,0.0000E+000
413.0000,0.0000E+000
414.0000,0.0000E+000
415.0000,0.0000E+000
416.0000,0.0000E+000
417.0000,0.0000E+000
418.0000,0.0000E+000
419.0000,0.0000E+000
420.0000,0.0000E+000
421.0000,0.0000E+000
422.0000,0.0000E+000
423.0000,0.0000E+000
424.0000,0.0000E+000
425.0000,0.0000E+000
426.0000,0.0000E+000
427.0000,0.0000E+000
428.0000,0.0000E+000
429.0000,0.0000E+000
430.0000,0.0000E+000
431.0000,-2.5257E+002
432.0000,-2.5257E+002
433.0000,-2.5257E+002
434.0000,-2.5257E+002
435.0000,0.0000E+000
436.0000,-2.5256E+002
437.0000,-2.5256E+002
438.0000,-3.0932E+002
439.0000,0.0000E+000
440.0000,0.0000E+000
441.0000,0.0000E+000
442.0000,0.0000E+000
443.0000,0.0000E+000
444.0000,0.0000E+000
445.0000,0.0000E+000
446.0000,0.0000E+000
447.0000,-2.5253E+002
448.0000,-2.5253E+002
449.0000,0.0000E+000
450.0000,0.0000E+000
451.0000,-2.5253E+002
452.0000,-2.5254E+002
453.0000,0.0000E+000
454.0000,-2.5254E+002
455.0000,-2.5254E+002
456.0000,-2.5254E+002
457.0000,-2.5254E+002
458.0000,-2.5254E+002
459.0000,0.0000E+000
460.0000,-3.0932E+002
461.0000,-3.0932E+002
462.0000,-3.0932E+002
463.0000,-3.0932E+002
464.0000,0.0000E+000
465.0000,0.0000E+000
466.0000,0.0000E+000
467.0000,0.0000E+000
468.0000,0.0000E+000
469.0000,0.0000E+000
470.0000,-2.5252E+002
471.0000,-2.5252E+002
472.0000,-3.0932E+002
473.0000,-2.5251E+002
474.0000,-3.0932E+002
475.0000,-3.0932E+002
476.0000,-3.0932E+002
477.0000,-3.0932E+002
478.0000,0.0000E+000
479.0000,0.0000E+000
480.0000,0.0000E+000
481.0000,0.0000E+000
482.0000,-2.5254E+002
483.0000,-2.5254E+002
484.0000,-2.5254E+002
485.0000,-3.0932E+002
486.0000,-3.0932E+002
487.0000,-3.0932E+002
488.0000,-3.0932E+002
489.0000,-3.0932E+002
490.0000,-3.0932E+002
491.0000,-3.0932E+002
492.0000,-3.0932E+002
493.0000,-3.0932E+002
494.0000,-3.0932E+002
495.0000,-3.3577E+002
496.0000,-3.3795E+002
497.0000,-3.4029E+002
498.0000,-3.4226E+002
499.0000,-3.4472E+002
500.0000,-3.4900E+002
501.0000,-3.5246E+002
502.0000,-3.5527E+002
503.0000,-3.5875E+002
504.0000,-3.6230E+002
505.0000,-3.6568E+002
506.0000,-3.6879E+002
507.0000,-3.7121E+002
508.0000,-3.7249E+002
509.0000,-3.7442E+002
510.0000,-3.7488E+002
511.0000,-3.7130E+002
512.0000,-3.7213E+002
513.0000,-3.7235E+002
514.0000,-3.7117E+002
515.0000,-3.6170E+002
516.0000,-3.7467E+002
517.0000,-3.7625E+002
518.0000,-3.7611E+002
519.0000,-3.7690E+002
520.0000,-3.8012E+002
521.0000,-3.8242E+002
522.0000,-3.8383E+002
523.0000,-3.8323E+002
524.0000,-3.8194E+002
525.0000,-3.8118E+002
526.0000,-3.8086E+002
527.0000,-3.8205E+002
528.0000,-3.8536E+002
529.0000,-3.8827E+002
530.0000,-3.9047E+002
531.0000,-3.9153E+002
532.0000,-3.8778E+002
533.0000,-3.8668E+002
534.0000,-3.9225E+002
535.0000,-3.8960E+002
536.0000,-3.9056E+002
537.0000,-3.9013E+002
538.0000,-3.8397E+002
539.0000,-3.8294E+002
540.0000,-3.9045E+002
541.0000,-3.9214E+002
542.0000,-3.9661E+002
543.0000,-3.9548E+002
544.0000,-3.9192E+002
545.0000,-3.9330E+002
546.0000,-4.0217E+002
547.0000,-4.0557E+002
548.0000,-3.9794E+002
549.0000,-4.0563E+002
550.0000,-4.0515E+002
551.0000,-4.0187E+002
552.0000,-3.9572E+002
553.0000,-3.9553E+002
554.0000,-3.9345E+002
555.0000,-4.0456E+002
556.0000,-4.0233E+002
557.0000,-4.0983E+002
558.0000,-4.0706E+002
559.0000,-4.1284E+002
560.0000,-4.1182E+002
561.0000,-4.1039E+002
562.0000,-4.0607E+002
563.0000,-4.0750E+002
564.0000,-4.0715E+002
565.0000,-4.1243E+002
566.0000,-4.0059E+002
567.0000,-4.0520E+002
568.0000,-4.1389E+002
569.0000,-4.1155E+002
570.0000,-4.1730E+002
571.0000,-4.1694E+002
572.0000,-4.1553E+002
573.0000,-4.1384E+002
574.0000,-4.1437E+002
575.0000,-4.0039E+002
576.0000,-4.1380E+002
577.0000,-4.0558E+002
578.0000,-4.1105E+002
579.0000,-4.0555E+002
580.0000,-4.0770E+002
581.0000,-3.9342E+002
582.0000,-4.1125E+002
583.0000,-4.1023E+002
584.0000,-4.0998E+002
585.0000,-4.0743E+002
586.0000,-4.1088E+002
587.0000,-4.0406E+002
588.0000,-3.9827E+002
589.0000,-4.0547E+002
590.0000,-3.8989E+002
591.0000,-4.0532E+002
592.0000,-4.0338E+002
593.0000,-3.9760E+002
594.0000,-4.0501E+002
595.0000,-4.1037E+002
596.0000,-4.1120E+002
597.0000,-4.1218E+002
598.0000,-4.0731E+002
599.0000,-3.9915E+002
600.0000,-3.8028E+002
601.0000,-3.8622E+002
602.0000,-4.1198E+002
603.0000,-4.1168E+002
604.0000,-4.0385E+002
605.0000,-3.8059E+002
606.0000,-4.0046E+002
607.0000,-4.0507E+002
608.0000,-3.9996E+002
609.0000,-3.9013E+002
610.0000,-4.0774E+002
611.0000,-3.8776E+002
612.0000,-4.0765E+002
613.0000,-3.9869E+002
614.0000,-3.9741E+002
615.0000,-4.0061E+002
616.0000,-4.0633E+002
617.0000,-3.9530E+002
618.0000,-3.9053E+002
619.0000,-3.9807E+002
620.0000,-3.9471E+002
621.0000,-3.9267E+002
622.0000,-3.9292E+002
623.0000,-4.0265E+002
624.0000,-4.0256E+002
625.0000,-3.8389E+002
626.0000,-3.9137E+002
627.0000,-4.0032E+002
628.0000,-3.7031E+002
629.0000,-3.8838E+002
630.0000,-3.9577E+002
631.0000,-3.6574E+002
632.0000,-3.7220E+002
633.0000,-3.5745E+002
634.0000,-3.6817E+002
635.0000,-3.8000E+002
636.0000,-3.8959E+002
637.0000,-3.8675E+002
638.0000,-3.6994E+002
639.0000,-3.6219E+002
640.0000,-3.7813E+002
641.0000,-3.5876E+002
642.0000,-3.6710E+002
643.0000,-3.7733E+002
644.0000,-3.8780E+002
645.0000,-3.8413E+002
646.0000,-3.7937E+002
647.0000,-3.8064E+002
648.0000,-3.8452E+002
649.0000,-3.8498E+002
650.0000,-3.8415E+002
651.0000,-3.7573E+002
652.0000,-3.7876E+002
653.0000,-3.5854E+002
654.0000,-3.6681E+002
655.0000,-3.7377E+002
656.0000,-3.7778E+002
657.0000,-3.7489E+002
658.0000,-3.6908E+002
659.0000,-3.7450E+002
660.0000,-3.7851E+002
661.0000,-3.7316E+002
662.0000,-3.7303E+002
663.0000,-3.7413E+002
664.0000,-3.6502E+002
665.0000,-3.6196E+002
666.0000,-3.7305E+002
667.0000,-3.7301E+002
668.0000,-3.5560E+002
669.0000,-3.7356E+002
670.0000,-3.5489E+002
671.0000,-3.5168E+002
672.0000,-3.6113E+002
673.0000,-3.5264E+002
674.0000,-3.3317E+002
675.0000,-3.4905E+002
676.0000,-3.5514E+002
677.0000,-3.6043E+002
678.0000,-3.5732E+002
679.0000,-3.4050E+002
680.0000,-3.5288E+002
681.0000,-3.4935E+002
682.0000,-3.5171E+002
683.0000,-3.5474E+002
684.0000,-3.5597E+002
685.0000,-3.4563E+002
686.0000,-3.4891E+002
687.0000,-3.3194E+002
688.0000,-3.4561E+002
689.0000,-3.4340E+002
690.0000,-3.4508E+002
691.0000,-3.3682E+002
692.0000,-3.2558E+002
693.0000,-3.4308E+002
694.0000,-3.1336E+002
695.0000,-3.4728E+002
696.0000,-3.3450E+002
697.0000,-3.4112E+002
698.0000,-3.1054E+002
699.0000,-3.2371E+002
700.0000,-3.3818E+002
701.0000,-3.2610E+002
702.0000,-3.1034E+002
703.0000,-3.3268E+002
704.0000,-3.2818E+002
705.0000,-3.3765E+002
706.0000,-3.3166E+002
707.0000,-3.2249E+002
708.0000,-3.2852E+002
709.0000,-3.3094E+002
710.0000,-3.2794E+002
711.0000,-3.2831E+002
712.0000,-3.2246E+002
713.0000,-3.3408E+002
714.0000,-3.2018E+002
715.0000,-3.2734E+002
716.0000,-3.3071E+002
717.0000,-3.3027E+002
718.0000,-3.1931E+002
719.0000,-3.2945E+002
720.0000,-3.2997E+002
721.0000,-3.3045E+002
722.0000,-3.3014E+002
723.0000,-3.2983E+002
724.0000,-3.2962E+002
725.0000,-3.2935E+002
726.0000,-3.2930E+002
727.0000,-3.2896E+002
728.0000,-3.2845E+002
729.0000,-3.2890E+002
730.0000,-3.2891E+002
731.0000,-3.2613E+002
732.0000,-3.2566E+002
733.0000,-3.2747E+002
734.0000,-3.2742E+002
735.0000,-3.2680E+002
736.0000,-3.2626E+002
737.0000,-3.2584E+002
738.0000,-3.2522E+002
739.0000,-3.2501E+002
740.0000,-3.2496E+002
741.0000,-3.2447E+002
742.0000,-3.2029E+002
743.0000,-3.2438E+002
744.0000,-3.2431E+002
745.0000,-3.2416E+002
746.0000,-3.2406E+002
747.0000,-3.2394E+002
748.0000,-3.2381E+002
749.0000,-3.2365E+002
750.0000,-3.2364E+002
751.0000,-3.2347E+002
752.0000,-3.2306E+002
753.0000,-3.2270E+002
754.0000,-3.2255E+002
755.0000,-3.2221E+002
756.0000,-3.2148E+002
757.0000,-3.1924E+002
758.0000,-3.1858E+002
759.0000,-3.1892E+002
760.0000,-3.1924E+002
761.0000,-3.1947E+002
762.0000,-3.1957E+002
763.0000,-3.1946E+002
764.0000,-3.1933E+002
765.0000,-3.1908E+002
766.0000,-3.1881E+002
767.0000,-3.1790E+002
768.0000,-3.1566E+002
769.0000,-3.1541E+002
770.0000,-3.1546E+002
771.0000,-3.1522E+002
772.0000,-3.1432E+002
773.0000,-3.1399E+002
774.0000,-3.1307E+002
775.0000,-3.1387E+002
776.0000,-3.1552E+002
777.0000,-3.1713E+002
778.0000,-3.1796E+002
779.0000,-3.1842E+002
780.0000,-3.1867E+002
781.0000,-3.1879E+002
782.0000,-3.1900E+002
783.0000,-3.1903E+002
784.0000,-3.1894E+002
785.0000,-3.1883E+002
786.0000,-3.1883E+002
787.0000,-3.1898E+002
788.0000,-3.1907E+002
789.0000,-3.1914E+002
790.0000,-3.1923E+002
791.0000,-3.1937E+002
792.0000,-3.1957E+002
793.0000,-3.1955E+002
794.0000,-3.1964E+002
795.0000,-3.1983E+002
796.0000,-3.2002E+002
797.0000,-3.2020E+002
798.0000,-3.2054E+002
799.0000,-3.2094E+002
800.0000,-3.2124E+002
801.0000,-3.2184E+002
802.0000,-3.2196E+002
803.0000,-3.2240E+002
804.0000,-3.2264E+002
805.0000,-3.2312E+002
806.0000,-3.2272E+002
807.0000,-3.2254E+002
808.0000,-3.2231E+002
809.0000,-3.2218E+002
810.0000,-3.2233E+002
811.0000,-3.2277E+002
812.0000,-3.2322E+002
813.0000,-3.2365E+002
814.0000,-3.2393E+002
815.0000,-3.2440E+002
816.0000,-3.2423E+002
817.0000,-3.2445E+002
818.0000,-3.2488E+002
819.0000,-3.2533E+002
820.0000,-3.2565E+002
821.0000,-3.2592E+002
822.0000,-3.2644E+002
823.0000,-3.2690E+002
824.0000,-3.2725E+002
825.0000,-3.2749E+002
826.0000,-3.2837E+002
827.0000,-3.2965E+002
828.0000,-3.3059E+002
829.0000,-3.3122E+002
830.0000,-3.3212E+002
831.0000,-3.3325E+002
832.0000,-3.3388E+002
833.0000,-3.3461E+002
834.0000,-3.3552E+002
835.0000,-3.3641E+002
836.0000,-3.3796E+002
837.0000,-3.4067E+002
838.0000,-3.4308E+002
839.0000,-3.4365E+002
840.0000,-3.4437E+002
841.0000,-3.4579E+002
842.0000,-3.4728E+002
843.0000,-3.4792E+002
844.0000,-3.4662E+002
845.0000,-3.4631E+002
846.0000,-3.4749E+002
847.0000,-3.4909E+002
848.0000,-3.4877E+002
849.0000,-3.4702E+002
850.0000,-3.4736E+002
851.0000,-3.4849E+002
852.0000,-3.4808E+002
853.0000,-3.4798E+002
854.0000,-3.4879E+002
855.0000,-3.4952E+002
856.0000,-3.5041E+002
857.0000,-3.5221E+002
858.0000,-3.5442E+002
859.0000,-3.5614E+002
860.0000,-3.5755E+002
861.0000,-3.5902E+002
862.0000,-3.6134E+002
863.0000,-3.6370E+002
864.0000,-3.6590E+002
865.0000,-3.6825E+002
866.0000,-3.7030E+002
867.0000,-3.7226E+002
868.0000,-3.7376E+002
869.0000,-3.7396E+002
870.0000,-3.7417E+002
871.0000,-3.6993E+002
872.0000,-3.7596E+002
873.0000,-3.7689E+002
874.0000,-3.7694E+002
875.0000,-3.7096E+002
876.0000,-3.7527E+002
877.0000,-3.7587E+002
878.0000,-3.8378E+002
879.0000,-3.8519E+002
880.0000,-3.8573E+002
881.0000,-3.8488E+002
882.0000,-3.8577E+002
883.0000,-3.9146E+002
884.0000,-3.9444E+002
885.0000,-3.9733E+002
886.0000,-4.0062E+002
887.0000,-4.0316E+002
888.0000,-4.0115E+002
889.0000,-4.0273E+002
890.0000,-3.8563E+002
891.0000,-4.0290E+002
892.0000,-4.0669E+002
893.0000,-4.0798E+002
894.0000,-3.9898E+002
895.0000,-4.0998E+002
896.0000,-4.1105E+002
897.0000,-4.1376E+002
898.0000,-4.1034E+002
899.0000,-4.0998E+002
900.0000,-4.0333E+002
901.0000,-4.1025E+002
902.0000,-4.0661E+002
903.0000,-4.1273E+002
904.0000,-4.0105E+002
905.0000,-4.1267E+002
906.0000,-4.0908E+002
907.0000,-4.0811E+002
908.0000,-4.0608E+002
909.0000,-4.0564E+002
910.0000,-4.1544E+002
911.0000,-4.1660E+002
912.0000,-4.0725E+002
913.0000,-4.1700E+002
914.0000,-4.2080E+002
915.0000,-4.2026E+002
916.0000,-4.2050E+002
917.0000,-4.2402E+002
918.0000,-4.2539E+002
919.0000,-4.2390E+002
920.0000,-4.2663E+002
921.0000,-4.1708E+002
922.0000,-4.2317E+002
923.0000,-4.2123E+002
924.0000,-4.3247E+002
925.0000,-4.2302E+002
926.0000,-4.2902E+002
927.0000,-4.1208E+002
928.0000,-4.0698E+002
929.0000,-4.2707E+002
930.0000,-4.2394E+002
931.0000,-4.1508E+002
932.0000,-4.1304E+002
933.0000,-4.1617E+002
934.0000,-4.1232E+002
935.0000,-4.1640E+002
936.0000,-4.2424E+002
937.0000,-4.0838E+002
938.0000,-4.0292E+002
939.0000,-4.2311E+002
940.0000,-4.2705E+002
941.0000,-4.2641E+002
942.0000,-3.9498E+002
943.0000,-4.0050E+002
944.0000,-4.1196E+002
945.0000,-4.0858E+002
946.0000,-4.0652E+002
947.0000,-4.2291E+002
948.0000,-4.2105E+002
949.0000,-4.1338E+002
950.0000,-4.2516E+002
951.0000,-4.0440E+002
952.0000,-4.2325E+002
953.0000,-4.1943E+002
954.0000,-4.2073E+002
955.0000,-4.0235E+002
956.0000,-4.2770E+002
957.0000,-4.0039E+002
958.0000,-4.2085E+002
959.0000,-4.1130E+002
960.0000,-4.2636E+002
961.0000,-4.2419E+002
962.0000,-4.1553E+002
963.0000,-4.2405E+002
964.0000,-4.1764E+002
965.0000,-3.9726E+002
966.0000,-4.2682E+002
967.0000,-4.1705E+002
968.0000,-4.1174E+002
969.0000,-4.0578E+002
970.0000,-4.0741E+002
971.0000,-3.9189E+002
972.0000,-4.2225E+002
973.0000,-4.1036E+002
974.0000,-4.1758E+002
975.0000,-4.1753E+002
976.0000,-4.0479E+002
977.0000,-4.0881E+002
978.0000,-4.1860E+002
979.0000,-4.2129E+002
980.0000,-4.1710E+002
981.0000,-4.2156E+002
982.0000,-4.0960E+002
983.0000,-3.9782E+002
984.0000,-3.9679E+002
985.0000,-4.0724E+002
986.0000,-4.0892E+002
987.0000,-4.0597E+002
988.0000,-4.0905E+002
989.0000,-4.0526E+002
990.0000,-3.8511E+002
991.0000,-3.9503E+002
992.0000,-3.8826E+002
993.0000,-4.0125E+002
994.0000,-4.1155E+002
995.0000,-3.9463E+002
996.0000,-3.9855E+002
997.0000,-3.9955E+002
998.0000,-3.9578E+002
999.0000,-3.8900E+002
1000.0000,-3.8854E+002
1001.0000,-3.9873E+002
1002.0000,-4.0572E+002
1003.0000,-4.0080E+002
1004.0000,-3.8323E+002
1005.0000,-3.9787E+002
1006.0000,-4.0334E+002
1007.0000,-3.7935E+002
1008.0000,-4.0134E+002
1009.0000,-3.9878E+002
1010.0000,-3.7070E+002
1011.0000,-3.8082E+002
1012.0000,-3.7593E+002
1013.0000,-3.8910E+002
1014.0000,-3.8516E+002
1015.0000,-3.5349E+002
1016.0000,-3.6355E+002
1017.0000,-3.9298E+002
1018.0000,-3.8447E+002
1019.0000,-3.9205E+002
1020.0000,-3.8215E+002
1021.0000,-3.7648E+002
1022.0000,-3.8772E+002
1023.0000,-3.8714E+002
1024.0000,-3.8186E+002
1025.0000,-3.8064E+002
1026.0000,-3.7261E+002
1027.0000,-3.7887E+002
1028.0000,-3.6973E+002
1029.0000,-3.6538E+002
1030.0000,-3.6593E+002
1031.0000,-3.7173E+002
1032.0000,-3.7579E+002
1033.0000,-3.7357E+002
1034.0000,-3.5990E+002
1035.0000,-3.6597E+002
1036.0000,-3.5699E+002
1037.0000,-3.6358E+002
1038.0000,-3.2716E+002
1039.0000,-3.6395E+002
1040.0000,-3.6610E+002
1041.0000,-3.5967E+002
1042.0000,-3.6139E+002
1043.0000,-3.6727E+002
1044.0000,-3.4883E+002
1045.0000,-3.3883E+002
1046.0000,-3.4315E+002
1047.0000,-3.6125E+002
1048.0000,-3.4949E+002
1049.0000,-3.5849E+002
1050.0000,-3.5246E+002
1051.0000,-3.5027E+002
1052.0000,-3.5053E+002
1053.0000,-3.4978E+002
1054.0000,-3.5351E+002
1055.0000,-3.3541E+002
1056.0000,-3.3282E+002
1057.0000,-3.3394E+002
1058.0000,-3.5626E+002
1059.0000,-3.4582E+002
1060.0000,-3.5031E+002
1061.0000,-3.3904E+002
1062.0000,-3.4436E+002
1063.0000,-3.3292E+002
1064.0000,-3.4975E+002
1065.0000,-3.4458E+002
1066.0000,-3.4800E+002
1067.0000,-3.4134E+002
1068.0000,-3.3670E+002
1069.0000,-3.4632E+002
1070.0000,-3.4419E+002
1071.0000,-3.3722E+002
1072.0000,-3.2334E+002
1073.0000,-3.3316E+002
1074.0000,-3.4139E+002
1075.0000,-3.3286E+002
1076.0000,-3.4179E+002
1077.0000,-3.2919E+002
1078.0000,-3.3550E+002
1079.0000,-3.3079E+002
1080.0000,-3.3490E+002
1081.0000,-3.3365E+002
1082.0000,-3.3408E+002
1083.0000,-3.2879E+002
1084.0000,-3.3406E+002
1085.0000,-3.2688E+002
1086.0000,-3.2402E+002
1087.0000,-3.1986E+002
1088.0000,-3.2694E+002
1089.0000,-3.2170E+002
1090.0000,-3.2974E+002
1091.0000,-3.1048E+002
1092.0000,-3.3180E+002
1093.0000,-3.2304E+002
1094.0000,-3.3129E+002
1095.0000,-3.3283E+002
1096.0000,-3.2714E+002
1097.0000,-3.2408E+002
1098.0000,-3.2285E+002
1099.0000,-3.2402E+002
1100.0000,-3.2628E+002
1101.0000,-3.2591E+002
1102.0000,-3.2934E+002
1103.0000,-3.3012E+002
1104.0000,-3.2994E+002
1105.0000,-3.2959E+002
1106.0000,-3.2914E+002
1107.0000,-3.2863E+002
1108.0000,-3.2800E+002
1109.0000,-3.2742E+002
1110.0000,-3.2701E+002
1111.0000,-3.2661E+002
1112.0000,-3.2615E+002
1113.0000,-3.2566E+002
1114.0000,-3.2526E+002
1115.0000,-3.2485E+002
1116.0000,-3.2444E+002
1117.0000,-3.2351E+002
1118.0000,-3.2300E+002
1119.0000,-3.2260E+002
1120.0000,-3.2219E+002
1121.0000,-3.2190E+002
1122.0000,-3.2168E+002
1123.0000,-3.2143E+002
1124.0000,-3.2107E+002
1125.0000,-3.2088E+002
1126.0000,-3.2038E+002
1127.0000,-3.1975E+002
1128.0000,-3.1860E+002
1129.0000,-3.1506E+002
1130.0000,-3.1386E+002
1131.0000,-3.1221E+002
1132.0000,-3.1254E+002
1133.0000,-3.1447E+002
1134.0000,-3.1432E+002
1135.0000,-3.1382E+002
1136.0000,-3.1317E+002
1137.0000,-3.1082E+002
1138.0000,-3.0852E+002
1139.0000,-3.0907E+002
1140.0000,-3.0954E+002
1141.0000,-3.0996E+002
1142.0000,-3.0940E+002
1143.0000,-3.0715E+002
1144.0000,-3.0639E+002
1145.0000,-3.0731E+002
1146.0000,-3.0924E+002
1147.0000,-3.0992E+002
1148.0000,-3.0966E+002
1149.0000,-3.0895E+002
1150.0000,-3.0935E+002
1151.0000,-3.1016E+002
1152.0000,-3.1073E+002
1153.0000,-3.1106E+002
1154.0000,-3.1114E+002
1155.0000,-3.1094E+002
1156.0000,-3.1092E+002
1157.0000,-3.1032E+002
1158.0000,-3.0668E+002
1159.0000,0.0000E+000
1160.0000,0.0000E+000
1161.0000,0.0000E+000
1162.0000,0.0000E+000
1163.0000,0.0000E+000
1164.0000,0.0000E+000
1165.0000,0.0000E+000
1166.0000,0.0000E+000
1167.0000,0.0000E+000
1168.0000,0.0000E+000
1169.0000,0.0000E+000
1170.0000,0.0000E+000
1171.0000,0.0000E+000
1172.0000,0.0000E+000
1173.0000,-2.5253E+002
1174.0000,-2.5253E+002
1175.0000,-3.0932E+002
1176.0000,-3.0932E+002
1177.0000,0.0000E+000
1178.0000,0.0000E+000
1179.0000,0.0000E+000
1180.0000,0.0000E+000
1181.0000,-2.5252E+002
1182.0000,-2.5252E+002
1183.0000,-2.5252E+002
1184.0000,-3.0932E+002
1185.0000,-3.0932E+002
1186.0000,-3.0932E+002
1187.0000,-3.0932E+002
1188.0000,-3.0932E+002
1189.0000,-2.5251E+002
1190.0000,-2.5251E+002
1191.0000,-3.0932E+002
1192.0000,-3.0932E+002
1193.0000,-3.1921E+002
1194.0000,-3.2033E+002
1195.0000,-3.2083E+002
1196.0000,-3.2130E+002
1197.0000,-3.2172E+002
1198.0000,-3.2179E+002
1199.0000,-3.2193E+002
1200.0000,-3.2237E+002
1201.0000,-3.2293E+002
1202.0000,-3.2409E+002
1203.0000,-3.2390E+002
1204.0000,-3.2548E+002
1205.0000,-3.2498E+002
1206.0000,-3.2559E+002
1207.0000,-3.2588E+002
1208.0000,-3.2639E+002
1209.0000,-3.2781E+002
1210.0000,-3.2886E+002
1211.0000,-3.2937E+002
1212.0000,-3.3001E+002
1213.0000,-3.3208E+002
1214.0000,-3.3432E+002
1215.0000,-3.3548E+002
1216.0000,-3.3631E+002
1217.0000,-3.3698E+002
1218.0000,-3.3840E+002
1219.0000,-3.4044E+002
1220.0000,-3.4139E+002
1221.0000,-3.4201E+002
1222.0000,-3.4434E+002
1223.0000,-3.4587E+002
1224.0000,-3.4677E+002
1225.0000,-3.4858E+002
1226.0000,-3.5149E+002
1227.0000,-3.5428E+002
1228.0000,-3.5544E+002
1229.0000,-3.5642E+002
1230.0000,-3.5737E+002
1231.0000,-3.5862E+002
1232.0000,-3.5890E+002
1233.0000,-3.6375E+002
1234.0000,-3.6607E+002
1235.0000,-3.6806E+002
1236.0000,-3.6940E+002
1237.0000,-3.7068E+002
1238.0000,-3.7139E+002
1239.0000,-3.7164E+002
1240.0000,-3.7272E+002
1241.0000,-3.7312E+002
1242.0000,-3.7356E+002
1243.0000,-3.7598E+002
1244.0000,-3.7794E+002
1245.0000,-3.8021E+002
1246.0000,-3.8367E+002
1247.0000,-3.8740E+002
1248.0000,-3.8983E+002
1249.0000,-3.9024E+002
1250.0000,-3.8975E+002
1251.0000,-3.7865E+002
1252.0000,-3.9068E+002
1253.0000,-3.8571E+002
1254.0000,-3.8637E+002
1255.0000,-3.9155E+002
1256.0000,-3.9277E+002
1257.0000,-3.9147E+002
1258.0000,-3.9560E+002
1259.0000,-3.8597E+002
1260.0000,-3.9721E+002
1261.0000,-3.9482E+002
1262.0000,-3.9365E+002
1263.0000,-4.0169E+002
1264.0000,-4.0345E+002
1265.0000,-4.0455E+002
1266.0000,-4.0490E+002
1267.0000,-4.0249E+002
1268.0000,-4.0689E+002
1269.0000,-3.9630E+002
1270.0000,-3.8317E+002
1271.0000,-3.8571E+002
1272.0000,-4.0223E+002
1273.0000,-4.0975E+002
1274.0000,-4.1192E+002
1275.0000,-4.1373E+002
1276.0000,-4.1572E+002
1277.0000,-4.0783E+002
1278.0000,-4.1654E+002
1279.0000,-4.1100E+002
1280.0000,-4.0744E+002
1281.0000,-4.0768E+002
1282.0000,-4.0192E+002
1283.0000,-4.1627E+002
1284.0000,-4.2322E+002
1285.0000,-4.2427E+002
1286.0000,-4.2010E+002
1287.0000,-4.1691E+002
1288.0000,-4.0352E+002
1289.0000,-4.1929E+002
1290.0000,-4.2101E+002
1291.0000,-4.1723E+002
1292.0000,-4.0844E+002
1293.0000,-4.2161E+002
1294.0000,-4.1644E+002
1295.0000,-4.0077E+002
1296.0000,-4.1756E+002
1297.0000,-4.1055E+002
1298.0000,-4.1796E+002
1299.0000,-3.9992E+002
1300.0000,-4.0376E+002
1301.0000,-4.1767E+002
1302.0000,-4.2138E+002
1303.0000,-4.2086E+002
1304.0000,-4.1099E+002
1305.0000,-4.2054E+002
1306.0000,-4.1669E+002
1307.0000,-4.2762E+002
1308.0000,-4.3064E+002
1309.0000,-4.2841E+002
1310.0000,-4.2611E+002
1311.0000,-4.3487E+002
1312.0000,-4.2997E+002
1313.0000,-4.2941E+002
1314.0000,-4.0094E+002
1315.0000,-4.1617E+002
1316.0000,-4.1694E+002
1317.0000,-3.9598E+002
1318.0000,-4.0417E+002
1319.0000,-4.1946E+002
1320.0000,-4.0454E+002
1321.0000,-4.1149E+002
1322.0000,-4.2404E+002
1323.0000,-4.2560E+002
1324.0000,-4.0048E+002
1325.0000,-4.2699E+002
1326.0000,-4.2120E+002
1327.0000,-4.2286E+002
1328.0000,-4.1115E+002
1329.0000,-3.9973E+002
1330.0000,-3.9751E+002
1331.0000,-3.9625E+002
1332.0000,-4.0486E+002
1333.0000,-3.9097E+002
1334.0000,-4.0393E+002
1335.0000,-3.8429E+002
1336.0000,-4.0822E+002
1337.0000,-3.8329E+002
1338.0000,-3.9614E+002
1339.0000,-4.0238E+002
1340.0000,-4.1224E+002
1341.0000,-3.9806E+002
1342.0000,-4.1367E+002
1343.0000,-3.8987E+002
1344.0000,-4.0454E+002
1345.0000,-3.9748E+002
1346.0000,-3.9442E+002
1347.0000,-4.0573E+002
1348.0000,-4.0806E+002
1349.0000,-4.0323E+002
1350.0000,-4.0063E+002
1351.0000,-4.0052E+002
1352.0000,-3.8325E+002
1353.0000,-3.9622E+002
1354.0000,-4.0254E+002
1355.0000,-4.0068E+002
1356.0000,-3.9266E+002
1357.0000,-4.0197E+002
1358.0000,-3.8765E+002
1359.0000,-3.8224E+002
1360.0000,-4.0048E+002
1361.0000,-4.0043E+002
1362.0000,-3.9589E+002
1363.0000,-3.8577E+002
1364.0000,-3.7739E+002
1365.0000,-3.8309E+002
1366.0000,-3.6390E+002
1367.0000,-3.6768E+002
1368.0000,-3.9010E+002
1369.0000,-3.9518E+002
1370.0000,-3.6445E+002
1371.0000,-3.5119E+002
1372.0000,-3.6653E+002
1373.0000,-3.8580E+002
1374.0000,-3.7093E+002
1375.0000,-3.7066E+002
1376.0000,-3.8161E+002
1377.0000,-3.7867E+002
1378.0000,-3.6302E+002
1379.0000,-3.7499E+002
1380.0000,-3.8096E+002
1381.0000,-3.6298E+002
1382.0000,-3.8434E+002
1383.0000,-3.6418E+002
1384.0000,-3.6956E+002
1385.0000,-3.8361E+002
1386.0000,-3.8141E+002
1387.0000,-3.6709E+002
1388.0000,-3.5401E+002
1389.0000,-3.7553E+002
1390.0000,-3.7008E+002
1391.0000,-3.4690E+002
1392.0000,-3.5946E+002
1393.0000,-3.4806E+002
1394.0000,-3.6738E+002
1395.0000,-3.6287E+002
1396.0000,-3.4011E+002
1397.0000,-3.3491E+002
1398.0000,-3.5495E+002
1399.0000,-3.3762E+002
1400.0000,-3.5225E+002
1401.0000,-3.5744E+002
1402.0000,-3.2818E+002
1403.0000,-3.5661E+002
1404.0000,-3.5124E+002
1405.0000,-3.5821E+002
1406.0000,-3.4536E+002
1407.0000,-3.1122E+002
1408.0000,-3.3399E+002
1409.0000,-3.3222E+002
1410.0000,-3.2373E+002
1411.0000,-3.3914E+002
1412.0000,-3.1664E+002
1413.0000,-3.1988E+002
1414.0000,0.0000E+000
1415.0000,0.0000E+000
1416.0000,0.0000E+000
1417.0000,0.0000E+000
1418.0000,0.0000E+000
1419.0000,0.0000E+000
1420.0000,0.0000E+000
1421.0000,0.0000E+000
1422.0000,0.0000E+000
1423.0000,0.0000E+000
1424.0000,0.0000E+000
1425.0000,0.0000E+000
1426.0000,0.0000E+000
1427.0000,0.0000E+000
1428.0000,0.0000E+000
1429.0000,0.0000E+000
1430.0000,0.0000E+000
1431.0000,0.0000E+000
1432.0000,0.0000E+000
1433.0000,0.0000E+000
1434.0000,0.0000E+000
1435.0000,0.0000E+000
1436.0000,0.0000E+000
1437.0000,0.0000E+000
1438.0000,0.0000E+000
1439.0000,0.0000E+000
1440.0000,0.0000E+000
1441.0000,0.0000E+000
1442.0000,0.0000E+000
1443.0000,0.0000E+000
1444.0000,0.0000E+000
1445.0000,0.0000E+000
1446.0000,0.0000E+000
1447.0000,0.0000E+000
1448.0000,0.0000E+000
1449.0000,0.0000E+000
1450.0000,0.0000E+000
1451.0000,0.0000E+000
1452.0000,0.0000E+000
1453.0000,0.0000E+000
1454.0000,0.0000E+000
1455.0000,0.0000E+000
1456.0000,0.0000E+000
1457.0000,0.0000E+000
1458.0000,0.0000E+000
1459.0000,0.0000E+000
1460.0000,0.0000E+000
1461.0000,0.0000E+000
1462.0000,0.0000E+000
1463.0000,0.0000E+000
1464.0000,0.0000E+000
1465.0000,0.0000E+000
1466.0000,0.0000E+000
1467.0000,0.0000E+000
1468.0000,0.0000E+000
1469.0000,0.0000E+000
1470.0000,0.0000E+000
1471.0000,0.0000E+000
1472.0000,0.0000E+000
1473.0000,0.0000E+000
1474.0000,0.0000E+000
1475.0000,0.0000E+000
1476.0000,0.0000E+000
1477.0000,0.0000E+000
1478.0000,0.0000E+000
1479.0000,0.0000E+000
1480.0000,0.0000E+000
1481.0000,0.0000E+000
1482.0000,0.0000E+000
1483.0000,0.0000E+000
1484.0000,0.0000E+000
1485.0000,0.0000E+000
1486.0000,0.0000E+000
1487.0000,0.0000E+000
1488.0000,0.0000E+000
1489.0000,0.0000E+000
1490.0000,0.0000E+000
1491.0000,0.0000E+000
1492.0000,0.0000E+000
1493.0000,0.0000E+000
1494.0000,0.0000E+000
1495.0000,0.0000E+000
1496.0000,0.0000E+000
1497.0000,0.0000E+000
1498.0000,0.0000E+000
1499.0000,0.0000E+000
1500.0000,0.0000E+000
1501.0000,0.0000E+000
1502.0000,0.0000E+000
1503.0000,0.0000E+000
1504.0000,0.0000E+000
1505.0000,0.0000E+000
1506.0000,0.0000E+000
1507.0000,0.0000E+000
1508.0000,0.0000E+000
1509.0000,0.0000E+000
1510.0000,0.0000E+000
1511.0000,0.0000E+000
1512.0000,0.0000E+000
1513.0000,0.0000E+000
1514.0000,0.0000E+000
1515.0000,0.0000E+000
1516.0000,0.0000E+000
1517.0000,0.0000E+000
1518.0000,0.0000E+000
1519.0000,0.0000E+000
1520.0000,0.0000E+000
1521.0000,0.0000E+000
1522.0000,0.0000E+000
1523.0000,0.0000E+000
1524.0000,0.0000E+000
1525.0000,0.0000E+000
1526.0000,0.0000E+000
1527.0000,0.0000E+000
1528.0000,0.0000E+000
1529.0000,0.0000E+000
1530.0000,0.0000E+000
1531.0000,0.0000E+000
1532.0000,0.0000E+000
1533.0000,0.0000E+000
1534.0000,0.0000E+000
1535.0000,0.0000E+000
1536.0000,0.0000E+000
1537.0000,0.0000E+000
1538.0000,0.0000E+000
1539.0000,0.0000E+000
1540.0000,0.0000E+000
1541.0000,0.0000E+000
1542.0000,0.0000E+000
1543.0000,0.0000E+000
1544.0000,0.0000E+000
1545.0000,0.0000E+000
1546.0000,0.0000E+000
1547.0000,0.0000E+000
1548.0000,0.0000E+000
1549.0000,0.0000E+000
1550.0000,0.0000E+000
1551.0000,0.0000E+000
1552.0000,-2.5260E+002
1553.0000,-2.5260E+002
1554.0000,-2.5260E+002
1555.0000,-2.5260E+002
1556.0000,-2.5260E+002
1557.0000,-2.5260E+002
1558.0000,-3.0932E+002
1559.0000,-3.0932E+002
1560.0000,-3.0932E+002
1561.0000,-3.0932E+002
1562.0000,-3.0932E+002
1563.0000,-3.0932E+002
1564.0000,-3.0932E+002
1565.0000,-3.0932E+002
1566.0000,-3.0932E+002
1567.0000,-3.0932E+002
1568.0000,-3.0932E+002
1569.0000,-3.0932E+002
1570.0000,-3.0932E+002
1571.0000,-3.0932E+002
1572.0000,-3.0932E+002
1573.0000,-3.0932E+002
1574.0000,-3.0932E+002
1575.0000,-3.0932E+002
1576.0000,-3.0932E+002
1577.0000,-3.0932E+002
1578.0000,-3.0932E+002
1579.0000,-3.0932E+002
1580.0000,-3.0932E+002
1581.0000,-3.0932E+002
1582.0000,-3.0932E+002
1583.0000,-3.0932E+002
1584.0000,-3.0932E+002
1585.0000,-3.0932E+002
1586.0000,-3.0932E+002
1587.0000,-3.0932E+002
1588.0000,-3.3641E+002
1589.0000,-3.3858E+002
1590.0000,-3.4155E+002
1591.0000,-3.4606E+002
1592.0000,-3.5009E+002
1593.0000,-3.5317E+002
1594.0000,-3.5575E+002
1595.0000,-3.5690E+002
1596.0000,-3.5799E+002
1597.0000,-3.5977E+002
1598.0000,-3.6187E+002
1599.0000,-3.6439E+002
1600.0000,-3.6738E+002
1601.0000,-3.6959E+002
1602.0000,-3.7060E+002
1603.0000,-3.6839E+002
1604.0000,-3.7083E+002
1605.0000,-3.6881E+002
1606.0000,-3.7210E+002
1607.0000,-3.7175E+002
1608.0000,-3.7198E+002
1609.0000,-3.6906E+002
1610.0000,-3.7550E+002
1611.0000,-3.7659E+002
1612.0000,-3.7903E+002
1613.0000,-3.8214E+002
1614.0000,-3.8139E+002
1615.0000,-3.8347E+002
1616.0000,-3.8739E+002
1617.0000,-3.8961E+002
1618.0000,-3.9195E+002
1619.0000,-3.9453E+002
1620.0000,-3.9671E+002
1621.0000,-3.9746E+002
1622.0000,-3.9649E+002
1623.0000,-3.9342E+002
1624.0000,-3.9716E+002
1625.0000,-3.9666E+002
1626.0000,-3.9872E+002
1627.0000,-4.0243E+002
1628.0000,-4.0379E+002
1629.0000,-4.0132E+002
1630.0000,-3.8860E+002
1631.0000,-4.0182E+002
1632.0000,-4.0374E+002
1633.0000,-3.8986E+002
1634.0000,-4.0088E+002
1635.0000,-3.9923E+002
1636.0000,-4.0260E+002
1637.0000,-3.9821E+002
1638.0000,-4.0370E+002
1639.0000,-3.9334E+002
1640.0000,-4.0829E+002
1641.0000,-3.9914E+002
1642.0000,-3.9855E+002
1643.0000,-3.7617E+002
1644.0000,-4.0044E+002
1645.0000,-4.0035E+002
1646.0000,-3.9983E+002
1647.0000,-4.0094E+002
1648.0000,-4.0188E+002
1649.0000,-4.0116E+002
1650.0000,-4.0447E+002
1651.0000,-3.9949E+002
1652.0000,-4.0498E+002
1653.0000,-4.0480E+002
1654.0000,-4.0520E+002
1655.0000,-4.0451E+002
1656.0000,-4.0847E+002
1657.0000,-4.1061E+002
1658.0000,-4.1015E+002
1659.0000,-4.0759E+002
1660.0000,-4.0389E+002
1661.0000,-4.0972E+002
1662.0000,-4.1177E+002
1663.0000,-4.1251E+002
1664.0000,-4.0937E+002
1665.0000,-4.1119E+002
1666.0000,-4.1465E+002
1667.0000,-4.1536E+002
1668.0000,-4.0333E+002
1669.0000,-4.1649E+002
1670.0000,-4.1796E+002
1671.0000,-4.1995E+002
1672.0000,-4.0771E+002
1673.0000,-4.0731E+002
1674.0000,-4.1958E+002
1675.0000,-4.2175E+002
1676.0000,-4.1624E+002
1677.0000,-4.1688E+002
1678.0000,-4.1576E+002
1679.0000,-4.2373E+002
1680.0000,-4.2308E+002
1681.0000,-4.0683E+002
1682.0000,-4.0552E+002
1683.0000,-4.1260E+002
1684.0000,-4.1860E+002
1685.0000,-4.0165E+002
1686.0000,-4.1501E+002
1687.0000,-4.1928E+002
1688.0000,-4.2176E+002
1689.0000,-4.0584E+002
1690.0000,-4.1731E+002
1691.0000,-4.2454E+002
1692.0000,-4.1623E+002
1693.0000,-4.2198E+002
1694.0000,-3.9681E+002
1695.0000,-3.9719E+002
1696.0000,-4.1439E+002
1697.0000,-4.1075E+002
1698.0000,-4.1384E+002
1699.0000,-4.1622E+002
1700.0000,-4.1241E+002
1701.0000,-4.1226E+002
1702.0000,-4.1644E+002
1703.0000,-4.1453E+002
1704.0000,-4.2071E+002
1705.0000,-3.9146E+002
1706.0000,-3.9672E+002
1707.0000,-4.0622E+002
1708.0000,-3.8244E+002
1709.0000,-3.9526E+002
1710.0000,-4.0253E+002
1711.0000,-4.0658E+002
1712.0000,-4.1557E+002
1713.0000,-4.1249E+002
1714.0000,-4.0829E+002
1715.0000,-4.0653E+002
1716.0000,-4.0640E+002
1717.0000,-3.8607E+002
1718.0000,-4.0202E+002
1719.0000,-4.0266E+002
1720.0000,-3.8922E+002
1721.0000,-3.9893E+002
1722.0000,-3.9456E+002
1723.0000,-4.0328E+002
1724.0000,-4.0030E+002
1725.0000,-4.0309E+002
1726.0000,-3.9134E+002
1727.0000,-4.0408E+002
1728.0000,-3.9823E+002
1729.0000,-3.7555E+002
1730.0000,-3.8936E+002
1731.0000,-3.8101E+002
1732.0000,-3.8669E+002
1733.0000,-4.0131E+002
1734.0000,-3.7514E+002
1735.0000,-3.8257E+002
1736.0000,-3.9272E+002
1737.0000,-3.9204E+002
1738.0000,-4.0026E+002
1739.0000,-3.9320E+002
1740.0000,-3.8466E+002
1741.0000,-3.7863E+002
1742.0000,-3.9841E+002
1743.0000,-3.9657E+002
1744.0000,-3.9433E+002
1745.0000,-3.7931E+002
1746.0000,-3.7615E+002
1747.0000,-3.6597E+002
1748.0000,-3.7990E+002
1749.0000,-3.6118E+002
1750.0000,-3.7772E+002
1751.0000,-3.8922E+002
1752.0000,-3.8902E+002
1753.0000,-3.7958E+002
1754.0000,-3.8777E+002
1755.0000,-3.5542E+002
1756.0000,-3.5999E+002
1757.0000,-3.6884E+002
1758.0000,-3.7206E+002
1759.0000,-3.5907E+002
1760.0000,-3.7408E+002
1761.0000,-3.5311E+002
1762.0000,-3.5836E+002
1763.0000,-3.6573E+002
1764.0000,-3.5892E+002
1765.0000,-3.6444E+002
1766.0000,-3.7219E+002
1767.0000,-3.6629E+002
1768.0000,-3.5514E+002
1769.0000,-3.6705E+002
1770.0000,-3.6614E+002
1771.0000,-3.5121E+002
1772.0000,-3.6118E+002
1773.0000,-3.5944E+002
1774.0000,-3.7135E+002
1775.0000,-3.6175E+002
1776.0000,-3.6995E+002
1777.0000,-3.6553E+002
1778.0000,-3.6403E+002
1779.0000,-3.3561E+002
1780.0000,-3.4369E+002
1781.0000,-3.4837E+002
1782.0000,-3.6124E+002
1783.0000,-3.2592E+002
1784.0000,-3.3974E+002
1785.0000,-3.5420E+002
1786.0000,-3.4765E+002
1787.0000,-3.5413E+002
1788.0000,-3.3005E+002
1789.0000,-3.3467E+002
1790.0000,-3.4278E+002
1791.0000,-3.3333E+002
1792.0000,-3.4301E+002
1793.0000,-3.3712E+002
1794.0000,-3.4156E+002
1795.0000,-3.3023E+002
1796.0000,-3.4421E+002
1797.0000,-3.4612E+002
1798.0000,-3.4496E+002
1799.0000,-3.4144E+002
1800.0000,-3.3569E+002
1801.0000,-3.4015E+002
1802.0000,-3.3497E+002
1803.0000,-3.3998E+002
1804.0000,-3.3361E+002
1805.0000,-3.2344E+002
1806.0000,-3.2937E+002
1807.0000,-3.3626E+002
1808.0000,-3.3147E+002
1809.0000,-3.3595E+002
1810.0000,-3.2894E+002
1811.0000,-3.3321E+002
1812.0000,-3.2933E+002
1813.0000,-3.2966E+002
1814.0000,-3.3197E+002
1815.0000,-3.3161E+002
1816.0000,-3.2391E+002
1817.0000,-3.2068E+002
1818.0000,-3.2662E+002
1819.0000,-3.2396E+002
1820.0000,-3.2732E+002
1821.0000,-3.2789E+002
1822.0000,-3.2300E+002
1823.0000,-3.1858E+002
1824.0000,-3.2578E+002
1825.0000,-3.2735E+002
1826.0000,-3.2587E+002
1827.0000,-3.2508E+002
1828.0000,-3.2157E+002
1829.0000,-3.2485E+002
1830.0000,-3.2555E+002
1831.0000,-3.2579E+002
1832.0000,-3.2547E+002
1833.0000,-3.2517E+002
1834.0000,-3.2481E+002
1835.0000,-3.2451E+002
1836.0000,-3.2335E+002
1837.0000,-3.2226E+002
1838.0000,-3.2156E+002
1839.0000,-3.2103E+002
1840.0000,-3.2028E+002
1841.0000,-3.1898E+002
1842.0000,-3.1758E+002
1843.0000,-3.1749E+002
1844.0000,-3.1748E+002
1845.0000,-3.1742E+002
1846.0000,-3.1743E+002
1847.0000,-3.1732E+002
1848.0000,-3.1727E+002
1849.0000,-3.1732E+002
1850.0000,-3.1711E+002
1851.0000,-3.1691E+002
1852.0000,-3.1692E+002
1853.0000,-3.1685E+002
1854.0000,-3.1681E+002
1855.0000,-3.1663E+002
1856.0000,-3.1606E+002
1857.0000,-3.1569E+002
1858.0000,-3.1500E+002
1859.0000,-3.1366E+002
1860.0000,-3.1264E+002
1861.0000,-3.1315E+002
1862.0000,-3.1358E+002
1863.0000,-3.1383E+002
1864.0000,-3.1420E+002
1865.0000,-3.1432E+002
1866.0000,-3.1429E+002
1867.0000,-3.1423E+002
1868.0000,-3.1435E+002
1869.0000,-3.1444E+002
1870.0000,-3.1412E+002
1871.0000,-3.1392E+002
1872.0000,-3.1421E+002
1873.0000,-3.1450E+002
1874.0000,-3.1451E+002
1875.0000,-3.1405E+002
1876.0000,-3.1369E+002
1877.0000,-3.1370E+002
1878.0000,-3.1379E+002
1879.0000,-3.1407E+002
1880.0000,-3.1468E+002
1881.0000,-3.1496E+002
1882.0000,-3.1479E+002
1883.0000,-3.1501E+002
1884.0000,-3.1525E+002
1885.0000,-3.1560E+002
1886.0000,-3.1548E+002
1887.0000,-3.1539E+002
1888.0000,-3.1553E+002
1889.0000,-3.1566E+002
1890.0000,-3.1542E+002
1891.0000,-3.1482E+002
1892.0000,-3.1339E+002
1893.0000,-3.1370E+002
1894.0000,-3.1446E+002
1895.0000,-3.1492E+002
1896.0000,-3.1528E+002
1897.0000,-3.1567E+002
1898.0000,-3.1611E+002
1899.0000,-3.1649E+002
1900.0000,-3.1689E+002
1901.0000,-3.1730E+002
1902.0000,-3.1767E+002
1903.0000,-3.1746E+002
1904.0000,-3.1745E+002
1905.0000,-3.1778E+002
1906.0000,-3.1812E+002
1907.0000,-3.1845E+002
1908.0000,-3.1880E+002
1909.0000,-3.1873E+002
1910.0000,-3.1874E+002
1911.0000,-3.1912E+002
1912.0000,-3.1958E+002
1913.0000,-3.2003E+002
1914.0000,-3.2030E+002
1915.0000,-3.2066E+002
1916.0000,-3.2105E+002
1917.0000,-3.2152E+002
1918.0000,-3.2235E+002
1919.0000,-3.2264E+002
1920.0000,-3.2278E+002
1921.0000,-3.2310E+002
1922.0000,-3.2351E+002
1923.0000,-3.2406E+002
1924.0000,-3.2492E+002
1925.0000,-3.2543E+002
1926.0000,-3.2618E+002
1927.0000,-3.2704E+002
1928.0000,-3.2755E+002
1929.0000,-3.2845E+002
1930.0000,-3.3029E+002
1931.0000,-3.3222E+002
1932.0000,-3.3278E+002
1933.0000,-3.3238E+002
1934.0000,-3.3234E+002
1935.0000,-3.3271E+002
1936.0000,-3.3322E+002
1937.0000,-3.3352E+002
1938.0000,-3.3428E+002
1939.0000,-3.3517E+002
1940.0000,-3.3537E+002
1941.0000,-3.3558E+002
1942.0000,-3.3644E+002
1943.0000,-3.3834E+002
1944.0000,-3.4117E+002
1945.0000,-3.4490E+002
1946.0000,-3.4767E+002
1947.0000,-3.4967E+002
1948.0000,-3.5179E+002
1949.0000,-3.5355E+002
1950.0000,-3.5521E+002
1951.0000,-3.5706E+002
1952.0000,-3.5890E+002
1953.0000,-3.6015E+002
1954.0000,-3.5995E+002
1955.0000,-3.5888E+002
1956.0000,-3.5900E+002
1957.0000,-3.6013E+002
1958.0000,-3.6109E+002
1959.0000,-3.6239E+002
1960.0000,-3.6346E+002
1961.0000,-3.6405E+002
1962.0000,-3.6387E+002
1963.0000,-3.6245E+002
1964.0000,-3.6535E+002
1965.0000,-3.6679E+002
1966.0000,-3.6722E+002
1967.0000,-3.6774E+002
1968.0000,-3.6912E+002
1969.0000,-3.7115E+002
1970.0000,-3.7409E+002
1971.0000,-3.7731E+002
1972.0000,-3.7792E+002
1973.0000,-3.7763E+002
1974.0000,-3.7452E+002
1975.0000,-3.7143E+002
1976.0000,-3.7372E+002
1977.0000,-3.7936E+002
1978.0000,-3.8133E+002
1979.0000,-3.8243E+002
1980.0000,-3.7943E+002
1981.0000,-3.8117E+002
1982.0000,-3.8882E+002
1983.0000,-3.9117E+002
1984.0000,-3.8717E+002
1985.0000,-3.9088E+002
1986.0000,-3.9290E+002
1987.0000,-3.9200E+002
1988.0000,-3.9312E+002
1989.0000,-3.9047E+002
1990.0000,-3.9521E+002
1991.0000,-3.9754E+002
1992.0000,-4.0017E+002
1993.0000,-4.0206E+002
1994.0000,-4.0219E+002
1995.0000,-3.9659E+002
1996.0000,-3.9761E+002
1997.0000,-3.9504E+002
1998.0000,-3.8721E+002
1999.0000,-3.9384E+002
2000.0000,-3.9414E+002
2001.0000,-3.9856E+002
2002.0000,-4.0359E+002
2003.0000,-3.9025E+002
2004.0000,-4.0615E+002
2005.0000,-4.0638E+002
2006.0000,-3.9738E+002
2007.0000,-4.0029E+002
2008.0000,-4.0282E+002
2009.0000,-4.0920E+002
2010.0000,-4.0112E+002
2011.0000,-4.1180E+002
2012.0000,-4.0655E+002
2013.0000,-3.9814E+002
2014.0000,-4.1096E+002
2015.0000,-4.0882E+002
2016.0000,-4.0966E+002
2017.0000,-4.0431E+002
2018.0000,-4.0931E+002
2019.0000,-4.1181E+002
2020.0000,-3.9892E+002
2021.0000,-4.1324E+002
2022.0000,-4.0591E+002
2023.0000,-4.1461E+002
2024.0000,-4.1667E+002
2025.0000,-4.1660E+002
2026.0000,-4.1161E+002
2027.0000,-4.0690E+002
2028.0000,-3.9499E+002
2029.0000,-4.1143E+002
2030.0000,-4.1447E+002
2031.0000,-4.1428E+002
2032.0000,-4.1510E+002
2033.0000,-4.1284E+002
2034.0000,-4.0877E+002
2035.0000,-4.0880E+002
2036.0000,-3.9781E+002
2037.0000,-4.0960E+002
2038.0000,-4.0155E+002
2039.0000,-3.9681E+002
2040.0000,-4.0885E+002
2041.0000,-4.0429E+002
2042.0000,-4.0275E+002
2043.0000,-4.0587E+002
2044.0000,-4.0980E+002
2045.0000,-4.0517E+002
2046.0000,-4.0574E+002
2047.0000,-3.9601E+002
2048.0000,-3.9981E+002
2049.0000,-4.0834E+002
2050.0000,-4.0696E+002
2051.0000,-4.0885E+002
2052.0000,-4.0787E+002
2053.0000,-4.0707E+002
2054.0000,-4.1002E+002
2055.0000,-4.1017E+002
2056.0000,-4.1115E+002
2057.0000,-4.0782E+002
2058.0000,-3.9261E+002
2059.0000,-4.0701E+002
2060.0000,-4.0460E+002
2061.0000,-3.8976E+002
2062.0000,-4.0774E+002
2063.0000,-4.1181E+002
2064.0000,-4.1179E+002
2065.0000,-3.9783E+002
2066.0000,-4.0468E+002
2067.0000,-3.9206E+002
2068.0000,-4.1071E+002
2069.0000,-4.0477E+002
2070.0000,-4.0754E+002
2071.0000,-4.1051E+002
2072.0000,-4.0205E+002
2073.0000,-4.0423E+002
2074.0000,-4.1661E+002
2075.0000,-4.0886E+002
2076.0000,-4.0799E+002
2077.0000,-3.9789E+002
2078.0000,-3.8658E+002
2079.0000,-3.9452E+002
2080.0000,-4.0444E+002
2081.0000,-3.9908E+002
2082.0000,-3.9513E+002
2083.0000,-4.0495E+002
2084.0000,-4.1082E+002
2085.0000,-3.9223E+002
2086.0000,-4.0698E+002
2087.0000,-4.0357E+002
2088.0000,-4.0699E+002
2089.0000,-3.8450E+002
2090.0000,-3.9322E+002
2091.0000,-3.9428E+002
2092.0000,-3.8806E+002
2093.0000,-3.9480E+002
2094.0000,-3.7755E+002
2095.0000,-3.8172E+002
2096.0000,-3.9810E+002
2097.0000,-3.7154E+002
2098.0000,-3.9408E+002
2099.0000,-3.8063E+002
2100.0000,-3.8008E+002
2101.0000,-3.8145E+002
2102.0000,-3.8362E+002
2103.0000,-3.9482E+002
2104.0000,-3.5495E+002
2105.0000,-3.6305E+002
2106.0000,-3.8927E+002
2107.0000,-3.4214E+002
2108.0000,-3.5928E+002
2109.0000,-3.6064E+002
2110.0000,-3.8704E+002
2111.0000,-3.8132E+002
2112.0000,-3.5576E+002
2113.0000,-3.8262E+002
2114.0000,-3.5028E+002
2115.0000,-3.6363E+002
2116.0000,-3.7446E+002
2117.0000,-3.6878E+002
2118.0000,-3.7552E+002
2119.0000,-3.7771E+002
2120.0000,-3.7440E+002
2121.0000,-3.6100E+002
2122.0000,-3.7020E+002
2123.0000,-3.6164E+002
2124.0000,-3.5650E+002
2125.0000,-3.6906E+002
2126.0000,-3.6749E+002
2127.0000,-3.5679E+002
2128.0000,-3.5791E+002
2129.0000,-3.5858E+002
2130.0000,-3.6529E+002
2131.0000,-3.6070E+002
2132.0000,-3.6615E+002
2133.0000,-3.6385E+002
2134.0000,-3.4541E+002
2135.0000,-3.6011E+002
2136.0000,-3.5684E+002
2137.0000,-3.6093E+002
2138.0000,-3.5032E+002
2139.0000,-3.5132E+002
2140.0000,-3.5881E+002
2141.0000,-3.4275E+002
2142.0000,-3.5018E+002
2143.0000,-3.4269E+002
2144.0000,-3.4214E+002
2145.0000,-3.3611E+002
2146.0000,-3.5541E+002
2147.0000,-3.5387E+002
2148.0000,-3.4252E+002
2149.0000,-3.2516E+002
2150.0000,-3.2979E+002
2151.0000,-3.5273E+002
2152.0000,-3.4581E+002
2153.0000,-3.4075E+002
2154.0000,-3.4155E+002
2155.0000,-3.3492E+002
2156.0000,-3.2518E+002
2157.0000,-3.4712E+002
2158.0000,-3.4211E+002
2159.0000,-3.4526E+002
2160.0000,-3.3486E+002
2161.0000,-3.1501E+002
2162.0000,-3.2205E+002
2163.0000,-3.3390E+002
2164.0000,0.0000E+000
2165.0000,0.0000E+000
2166.0000,0.0000E+000
2167.0000,0.0000E+000
2168.0000,0.0000E+000
2169.0000,0.0000E+000
2170.0000,0.0000E+000
2171.0000,0.0000E+000
2172.0000,0.0000E+000
2173.0000,0.0000E+000
2174.0000,0.0000E+000
2175.0000,0.0000E+000
2176.0000,0.0000E+000
2177.0000,0.0000E+000
2178.0000,0.0000E+000
2179.0000,0.0000E+000
2180.0000,0.0000E+000
2181.0000,0.0000E+000
2182.0000,0.0000E+000
2183.0000,0.0000E+000
2184.0000,0.0000E+000
2185.0000,0.0000E+000
2186.0000,0.0000E+000
2187.0000,0.0000E+000
2188.0000,0.0000E+000
2189.0000,0.0000E+000
2190.0000,0.0000E+000
2191.0000,0.0000E+000
2192.0000,0.0000E+000
