"",77.800
30.0000,0.0000E+000
31.0000,8.1389E+001
32.0000,7.9501E+001
33.0000,8.4908E+001
34.0000,8.4508E+001
35.0000,8.4832E+001
36.0000,8.6783E+001
37.0000,7.7071E+001
38.0000,2.8384E+001
39.0000,1.9916E+001
40.0000,2.2834E+001
41.0000,2.3994E+001
42.0000,1.4685E+001
43.0000,1.2398E+001
44.0000,1.3360E+001
45.0000,8.9695E+000
46.0000,1.2445E+001
47.0000,1.1298E+001
48.0000,1.0471E+001
49.0000,4.8913E+000
50.0000,3.7154E+000
51.0000,4.0915E+000
52.0000,4.1396E+000
53.0000,4.1701E+000
54.0000,3.9844E+000
55.0000,2.6892E+000
56.0000,1.6504E+000
57.0000,2.3481E+000
58.0000,2.5202E+000
59.0000,2.3166E+000
60.0000,2.0712E+000
61.0000,2.3321E+000
62.0000,1.7310E+000
63.0000,1.6408E+000
64.0000,1.6317E+000
65.0000,1.4652E+000
66.0000,1.5857E+000
67.0000,1.6831E+000
68.0000,2.2823E+000
69.0000,7.8951E+000
70.0000,2.5878E+001
71.0000,5.3363E+001
72.0000,5.6769E+001
73.0000,6.4704E+000
74.0000,1.6075E+000
75.0000,2.3719E+000
76.0000,2.5870E+000
77.0000,2.7230E+000
78.0000,5.8742E+000
79.0000,1.8562E+001
80.0000,6.3720E+001
81.0000,6.1530E+001
82.0000,7.6100E+001
83.0000,8.0291E+001
84.0000,8.2519E+001
85.0000,8.6102E+001
86.0000,8.3360E+001
87.0000,6.7270E+001
88.0000,8.5603E+001
89.0000,9.7124E+001
90.0000,7.8507E+001
91.0000,8.6514E+001
92.0000,9.3592E+001
93.0000,1.0438E+002
94.0000,1.3019E+002
95.0000,1.3279E+002
96.0000,1.5597E+002
97.0000,1.2863E+002
98.0000,1.4459E+002
99.0000,1.0204E+002
100.0000,1.4784E+002
101.0000,1.6596E+002
102.0000,1.4359E+002
103.0000,1.5327E+002
104.0000,1.5719E+002
105.0000,1.6377E+002
106.0000,1.5044E+002
107.0000,1.3084E+002
108.0000,1.6840E+002
109.0000,1.1820E+002
110.0000,1.1705E+002
111.0000,1.6821E+002
112.0000,1.6267E+002
113.0000,1.6261E+002
114.0000,1.7373E+002
115.0000,1.5592E+002
116.0000,1.6828E+002
117.0000,1.7894E+002
118.0000,1.7301E+002
119.0000,1.5313E+002
120.0000,1.3229E+002
121.0000,1.5384E+002
122.0000,1.0036E+002
123.0000,9.4375E+001
124.0000,1.1891E+002
125.0000,1.5092E+002
126.0000,1.3487E+002
127.0000,1.5580E+002
128.0000,1.5428E+002
129.0000,9.0293E+001
130.0000,1.4233E+002
131.0000,1.6383E+002
132.0000,1.3375E+002
133.0000,1.3508E+002
134.0000,1.9518E+002
135.0000,1.8648E+002
136.0000,1.4858E+002
137.0000,1.5268E+002
138.0000,1.0873E+002
139.0000,1.2801E+002
140.0000,1.2992E+002
141.0000,1.6487E+002
142.0000,1.9139E+002
143.0000,1.8596E+002
144.0000,1.6948E+002
145.0000,1.6193E+002
146.0000,1.2979E+002
147.0000,1.4961E+002
148.0000,1.4028E+002
149.0000,1.8678E+002
150.0000,1.8155E+002
151.0000,1.8026E+002
152.0000,1.9423E+002
153.0000,1.7730E+002
154.0000,1.6749E+002
155.0000,1.1640E+002
156.0000,1.8624E+002
157.0000,1.9063E+002
158.0000,1.3229E+002
159.0000,1.3655E+002
160.0000,1.2370E+002
161.0000,1.3057E+002
162.0000,1.4361E+002
163.0000,1.2655E+002
164.0000,1.6346E+002
165.0000,1.8651E+002
166.0000,1.2330E+002
167.0000,1.4461E+002
168.0000,1.2789E+002
169.0000,1.0639E+002
170.0000,1.7192E+002
171.0000,1.5930E+002
172.0000,1.4186E+002
173.0000,1.1226E+002
174.0000,1.3615E+002
175.0000,1.5731E+002
176.0000,1.7630E+002
177.0000,1.6079E+002
178.0000,1.4982E+002
179.0000,1.4766E+002
180.0000,9.5917E+001
181.0000,1.2196E+002
182.0000,1.8617E+002
183.0000,1.7236E+002
184.0000,1.1078E+002
185.0000,1.3414E+002
186.0000,1.8601E+002
187.0000,1.6026E+002
188.0000,9.9555E+001
189.0000,6.7228E+001
190.0000,1.4895E+002
191.0000,1.6403E+002
192.0000,1.6152E+002
193.0000,1.3342E+002
194.0000,1.3351E+002
195.0000,1.4202E+002
196.0000,1.0032E+002
197.0000,1.1611E+002
198.0000,1.6939E+002
199.0000,1.5006E+002
200.0000,1.4495E+002
201.0000,1.5907E+002
202.0000,1.5745E+002
203.0000,1.4791E+002
204.0000,1.3719E+002
205.0000,1.3147E+002
206.0000,1.6928E+002
207.0000,1.6558E+002
208.0000,1.6392E+002
209.0000,1.3806E+002
210.0000,1.3878E+002
211.0000,1.4816E+002
212.0000,1.7824E+002
213.0000,1.7294E+002
214.0000,1.6552E+002
215.0000,1.4740E+002
216.0000,1.7176E+002
217.0000,1.5895E+002
218.0000,1.1156E+002
219.0000,7.7156E+001
220.0000,8.4520E+001
221.0000,1.0148E+002
222.0000,1.0510E+002
223.0000,1.5770E+002
224.0000,1.2966E+002
225.0000,1.3533E+002
226.0000,1.6019E+002
227.0000,1.6921E+002
228.0000,1.5592E+002
229.0000,1.4440E+002
230.0000,1.3533E+002
231.0000,1.5541E+002
232.0000,1.4142E+002
233.0000,1.4853E+002
234.0000,1.4604E+002
235.0000,1.4135E+002
236.0000,1.2089E+002
237.0000,1.5427E+002
238.0000,1.5369E+002
239.0000,1.2592E+002
240.0000,1.0782E+002
241.0000,1.4596E+002
242.0000,1.5174E+002
243.0000,1.5182E+002
244.0000,1.0983E+002
245.0000,1.0719E+002
246.0000,1.3416E+002
247.0000,1.2437E+002
248.0000,1.3597E+002
249.0000,9.8103E+001
250.0000,8.1005E+001
251.0000,1.1646E+002
252.0000,1.2963E+002
253.0000,1.0892E+002
254.0000,1.1576E+002
255.0000,1.3674E+002
256.0000,1.3935E+002
257.0000,1.2250E+002
258.0000,1.2293E+002
259.0000,1.1729E+002
260.0000,1.0691E+002
261.0000,1.1461E+002
262.0000,1.1684E+002
263.0000,1.0816E+002
264.0000,1.1842E+002
265.0000,1.1692E+002
266.0000,1.1948E+002
267.0000,1.0348E+002
268.0000,7.4003E+001
269.0000,8.3684E+001
270.0000,5.9038E+001
271.0000,2.1602E+001
272.0000,9.5656E+001
273.0000,6.8461E+001
274.0000,6.9501E+001
275.0000,1.0466E+002
276.0000,9.9571E+001
277.0000,1.0657E+002
278.0000,9.9075E+001
279.0000,1.0271E+002
280.0000,1.0217E+002
281.0000,1.0927E+002
282.0000,9.2346E+001
283.0000,1.0474E+002
284.0000,8.2017E+001
285.0000,7.7805E+001
286.0000,1.0282E+002
287.0000,9.9161E+001
288.0000,9.9688E+001
289.0000,8.9505E+001
290.0000,7.9088E+001
291.0000,7.5850E+001
292.0000,7.6126E+001
293.0000,8.1806E+001
294.0000,8.2439E+001
295.0000,4.3054E+001
296.0000,4.3598E+001
297.0000,5.2207E+001
298.0000,6.2358E+001
299.0000,3.9904E+001
300.0000,4.3695E+001
301.0000,4.3669E+001
302.0000,5.5073E+001
303.0000,6.0012E+001
304.0000,7.1962E+001
305.0000,7.4194E+001
306.0000,7.2594E+001
307.0000,6.7491E+001
308.0000,6.3882E+001
309.0000,6.4677E+001
310.0000,6.0357E+001
311.0000,6.3843E+001
312.0000,5.0520E+001
313.0000,5.3105E+001
314.0000,5.4130E+001
315.0000,6.0199E+001
316.0000,6.0884E+001
317.0000,5.6888E+001
318.0000,5.1925E+001
319.0000,5.5988E+001
320.0000,5.8477E+001
321.0000,5.7486E+001
322.0000,6.5289E+001
323.0000,6.2525E+001
324.0000,3.5029E+001
325.0000,4.9397E+001
326.0000,5.4228E+001
327.0000,5.2840E+001
328.0000,6.0563E+001
329.0000,5.4813E+001
330.0000,5.3244E+001
331.0000,5.6659E+001
332.0000,5.2415E+001
333.0000,3.4806E+001
334.0000,5.4613E+001
335.0000,4.9166E+001
336.0000,5.7197E+001
337.0000,5.7536E+001
338.0000,5.7154E+001
339.0000,5.7302E+001
340.0000,5.4078E+001
341.0000,5.5858E+001
342.0000,5.0597E+001
343.0000,5.2545E+001
344.0000,3.2276E+001
345.0000,4.6907E+001
346.0000,4.6895E+001
347.0000,5.4031E+001
348.0000,5.5351E+001
349.0000,1.0417E+001
350.0000,1.2321E+001
351.0000,7.2296E+000
352.0000,9.5644E+000
353.0000,9.5471E+000
354.0000,8.0732E+000
355.0000,8.5609E+000
356.0000,6.3939E+000
357.0000,7.3246E+000
358.0000,5.8484E+000
359.0000,4.4558E+000
360.0000,4.0429E+000
361.0000,3.7429E+000
362.0000,3.4652E+000
363.0000,1.8308E+000
364.0000,1.3525E+000
365.0000,6.3865E-001
366.0000,4.4320E-001
367.0000,8.5140E-001
368.0000,8.3531E-001
369.0000,7.9738E-001
370.0000,7.7431E-001
371.0000,7.4131E-001
372.0000,5.3756E-001
373.0000,4.5608E-001
374.0000,4.9333E-001
375.0000,5.5871E-001
376.0000,5.1846E-001
377.0000,5.4260E-001
378.0000,5.1190E-001
379.0000,5.2915E-001
380.0000,5.7074E-001
381.0000,5.7030E-001
382.0000,4.5586E-001
383.0000,5.0562E-001
384.0000,5.3037E-001
385.0000,5.6295E-001
386.0000,4.2715E-001
387.0000,4.5437E-001
388.0000,4.0916E-001
389.0000,4.5582E-001
390.0000,4.2951E-001
391.0000,3.1961E-001
392.0000,2.6985E-001
393.0000,3.9133E-001
394.0000,4.0473E-001
395.0000,3.0454E-001
396.0000,3.6310E-001
397.0000,3.5927E-001
398.0000,2.3228E-001
399.0000,2.8999E-001
400.0000,2.9368E-001
401.0000,2.7738E-001
402.0000,2.9498E-001
403.0000,2.8848E-001
404.0000,2.8551E-001
405.0000,2.0258E-001
406.0000,2.1083E-001
407.0000,1.0610E-001
408.0000,1.7358E-001
409.0000,1.7247E-001
410.0000,1.7168E-001
411.0000,1.6930E-001
412.0000,1.5464E-001
413.0000,1.1943E-001
414.0000,1.2310E-001
415.0000,1.2687E-001
416.0000,1.0322E-001
417.0000,5.8383E-002
418.0000,2.9937E-002
419.0000,6.3056E-002
420.0000,6.4146E-002
421.0000,5.8975E-002
422.0000,4.4907E-002
423.0000,3.0762E-002
424.0000,1.4907E-002
425.0000,1.9724E-002
426.0000,1.9076E-002
427.0000,1.1658E-002
428.0000,1.8008E-002
429.0000,1.8469E-002
430.0000,1.5013E-002
431.0000,1.6175E-002
432.0000,2.8705E-002
433.0000,2.5782E-001
434.0000,1.1796E+000
435.0000,1.3680E+000
436.0000,1.5727E+000
437.0000,6.3496E+000
438.0000,1.2613E+001
439.0000,3.9162E+000
440.0000,1.0364E+000
441.0000,9.8670E-001
442.0000,1.0415E+000
443.0000,9.9711E-001
444.0000,8.4391E-001
445.0000,7.7442E-001
446.0000,7.8331E-001
447.0000,7.3964E-001
448.0000,2.8197E-001
449.0000,3.1833E-001
450.0000,3.0798E-001
451.0000,3.0477E-001
452.0000,1.1926E-001
453.0000,8.3366E-002
454.0000,4.7845E-002
455.0000,7.9162E-002
456.0000,1.8525E-001
457.0000,1.0930E+000
458.0000,3.4274E+000
459.0000,8.0030E+000
460.0000,2.9745E+001
461.0000,3.5839E+001
462.0000,3.3739E+001
463.0000,3.7751E+001
464.0000,1.2638E+001
465.0000,1.1456E+001
466.0000,8.0818E+000
467.0000,6.5243E+000
468.0000,3.9154E+000
469.0000,5.3329E+000
470.0000,2.4762E+000
471.0000,1.1445E+001
472.0000,2.9984E+001
473.0000,1.1961E+001
474.0000,3.8637E+001
475.0000,5.4359E+001
476.0000,6.0388E+001
477.0000,5.7674E+001
478.0000,5.9454E+000
479.0000,2.9259E+000
480.0000,8.5004E-001
481.0000,5.8960E-001
482.0000,7.0011E-001
483.0000,3.4576E+000
484.0000,2.5445E+001
485.0000,6.4145E+001
486.0000,6.7881E+001
487.0000,7.4585E+001
488.0000,7.1731E+001
489.0000,8.4802E+001
490.0000,6.2564E+001
491.0000,8.4887E+001
492.0000,8.9332E+001
493.0000,9.2981E+001
494.0000,9.9631E+001
495.0000,1.1135E+002
496.0000,1.3011E+002
497.0000,1.4868E+002
498.0000,1.8578E+002
499.0000,1.8882E+002
500.0000,1.8884E+002
501.0000,1.5383E+002
502.0000,1.7294E+002
503.0000,1.7213E+002
504.0000,1.8654E+002
505.0000,1.6231E+002
506.0000,1.6190E+002
507.0000,1.8036E+002
508.0000,1.7746E+002
509.0000,1.6861E+002
510.0000,9.6403E+001
511.0000,8.1198E+001
512.0000,1.3929E+002
513.0000,1.3667E+002
514.0000,1.2210E+002
515.0000,2.0822E+002
516.0000,1.9080E+002
517.0000,1.6337E+002
518.0000,1.3749E+002
519.0000,1.8443E+002
520.0000,1.9385E+002
521.0000,1.6776E+002
522.0000,1.2541E+002
523.0000,1.0563E+002
524.0000,1.0088E+002
525.0000,1.3851E+002
526.0000,1.2249E+002
527.0000,1.2041E+002
528.0000,1.8120E+002
529.0000,1.7494E+002
530.0000,1.5519E+002
531.0000,1.3930E+002
532.0000,1.4747E+002
533.0000,1.4089E+002
534.0000,1.0290E+002
535.0000,8.9354E+001
536.0000,1.0299E+002
537.0000,1.4270E+002
538.0000,1.2363E+002
539.0000,1.4560E+002
540.0000,1.5233E+002
541.0000,1.6383E+002
542.0000,1.5446E+002
543.0000,1.9413E+002
544.0000,1.2693E+002
545.0000,1.5826E+002
546.0000,1.9612E+002
547.0000,1.6059E+002
548.0000,1.3380E+002
549.0000,1.3385E+002
550.0000,1.2899E+002
551.0000,1.4920E+002
552.0000,1.5601E+002
553.0000,1.3891E+002
554.0000,1.2025E+002
555.0000,1.2913E+002
556.0000,1.5878E+002
557.0000,1.5839E+002
558.0000,1.7136E+002
559.0000,1.8204E+002
560.0000,1.7112E+002
561.0000,1.8129E+002
562.0000,1.4937E+002
563.0000,1.7033E+002
564.0000,1.7411E+002
565.0000,1.7936E+002
566.0000,1.6639E+002
567.0000,1.5984E+002
568.0000,1.7470E+002
569.0000,1.4747E+002
570.0000,1.2952E+002
571.0000,1.0741E+002
572.0000,1.1409E+002
573.0000,1.3049E+002
574.0000,1.2051E+002
575.0000,1.6626E+002
576.0000,1.9369E+002
577.0000,1.6342E+002
578.0000,1.1546E+002
579.0000,1.1061E+002
580.0000,1.0998E+002
581.0000,1.0444E+002
582.0000,1.5547E+002
583.0000,1.6024E+002
584.0000,1.5082E+002
585.0000,1.5019E+002
586.0000,1.2940E+002
587.0000,9.9632E+001
588.0000,7.6596E+001
589.0000,1.3910E+002
590.0000,1.4793E+002
591.0000,1.2207E+002
592.0000,1.3617E+002
593.0000,1.4666E+002
594.0000,1.3968E+002
595.0000,1.5935E+002
596.0000,1.5949E+002
597.0000,1.1705E+002
598.0000,1.2218E+002
599.0000,1.1811E+002
600.0000,1.4262E+002
601.0000,1.6956E+002
602.0000,1.6014E+002
603.0000,1.0779E+002
604.0000,1.0369E+002
605.0000,1.2496E+002
606.0000,1.3784E+002
607.0000,1.4189E+002
608.0000,1.0567E+002
609.0000,1.1030E+002
610.0000,1.1370E+002
611.0000,1.2626E+002
612.0000,1.4209E+002
613.0000,1.3675E+002
614.0000,1.1916E+002
615.0000,1.1512E+002
616.0000,1.0324E+002
617.0000,1.2141E+002
618.0000,9.7802E+001
619.0000,1.0436E+002
620.0000,1.2476E+002
621.0000,1.1885E+002
622.0000,1.2314E+002
623.0000,9.7579E+001
624.0000,4.8497E+001
625.0000,3.5266E+001
626.0000,1.0116E+002
627.0000,8.5680E+001
628.0000,7.7485E+001
629.0000,8.3390E+001
630.0000,9.4454E+001
631.0000,9.5885E+001
632.0000,9.2359E+001
633.0000,1.0804E+002
634.0000,1.1530E+002
635.0000,7.7421E+001
636.0000,5.4767E+001
637.0000,1.1043E+002
638.0000,1.2265E+002
639.0000,1.0818E+002
640.0000,1.2010E+002
641.0000,1.1854E+002
642.0000,1.1638E+002
643.0000,1.0814E+002
644.0000,9.1530E+001
645.0000,6.5096E+001
646.0000,7.2489E+001
647.0000,8.7655E+001
648.0000,7.9950E+001
649.0000,6.2544E+001
650.0000,1.0068E+002
651.0000,9.8656E+001
652.0000,1.0192E+002
653.0000,1.0333E+002
654.0000,9.5355E+001
655.0000,9.3813E+001
656.0000,8.5008E+001
657.0000,9.0373E+001
658.0000,9.1511E+001
659.0000,9.0951E+001
660.0000,8.1894E+001
661.0000,7.1303E+001
662.0000,7.9340E+001
663.0000,8.3073E+001
664.0000,7.3395E+001
665.0000,7.4970E+001
666.0000,5.7121E+001
667.0000,6.8438E+001
668.0000,5.3019E+001
669.0000,4.4695E+001
670.0000,3.4765E+001
671.0000,4.5390E+001
672.0000,4.7092E+001
673.0000,6.6294E+001
674.0000,6.9823E+001
675.0000,7.1951E+001
676.0000,6.7208E+001
677.0000,6.9229E+001
678.0000,6.9130E+001
679.0000,7.0216E+001
680.0000,6.9035E+001
681.0000,6.5917E+001
682.0000,6.5912E+001
683.0000,4.6534E+001
684.0000,4.4924E+001
685.0000,6.4088E+001
686.0000,3.1987E+001
687.0000,1.9693E+001
688.0000,3.4205E+001
689.0000,5.5851E+001
690.0000,3.9058E+001
691.0000,5.9584E+001
692.0000,5.3421E+001
693.0000,6.0666E+001
694.0000,4.7706E+001
695.0000,3.5334E+001
696.0000,5.9704E+001
697.0000,6.0523E+001
698.0000,5.9973E+001
699.0000,4.7686E+001
700.0000,4.2692E+001
701.0000,5.6186E+001
702.0000,5.1932E+001
703.0000,5.6087E+001
704.0000,5.5394E+001
705.0000,4.4756E+001
706.0000,3.7623E+001
707.0000,2.5224E+001
708.0000,3.5743E+001
709.0000,4.5027E+001
710.0000,5.2822E+001
711.0000,4.3692E+001
712.0000,4.7466E+001
713.0000,3.8052E+001
714.0000,5.3408E+001
715.0000,4.9498E+001
716.0000,3.3562E+001
717.0000,3.1699E+001
718.0000,3.0653E+001
719.0000,4.8106E+001
720.0000,4.6093E+001
721.0000,4.5918E+001
722.0000,2.9027E+001
723.0000,4.6502E+001
724.0000,3.9829E+001
725.0000,5.0310E+001
726.0000,4.6379E+001
727.0000,4.9726E+001
728.0000,4.7798E+001
729.0000,2.1793E+001
730.0000,2.9294E+001
731.0000,5.2224E+001
732.0000,4.7776E+001
733.0000,2.4551E+001
734.0000,2.2337E+001
735.0000,4.6080E+001
736.0000,5.8682E+001
737.0000,5.5627E+001
738.0000,5.6107E+001
739.0000,5.8654E+001
740.0000,5.8953E+001
741.0000,5.8241E+001
742.0000,4.7772E+001
743.0000,3.1376E+001
744.0000,4.8952E+001
745.0000,4.8119E+001
746.0000,4.8017E+001
747.0000,3.6433E+001
748.0000,4.9388E+001
749.0000,2.2510E+001
750.0000,4.5854E+001
751.0000,5.2104E+001
752.0000,5.9665E+001
753.0000,5.8921E+001
754.0000,5.6156E+001
755.0000,2.9648E+001
756.0000,4.7493E+001
757.0000,7.2578E+001
758.0000,6.8868E+001
759.0000,7.4150E+001
760.0000,7.3491E+001
761.0000,5.9958E+001
762.0000,6.9361E+001
763.0000,7.4288E+001
764.0000,6.8451E+001
765.0000,4.8543E+001
766.0000,3.1131E+001
767.0000,6.4574E+001
768.0000,8.3508E+001
769.0000,6.9879E+001
770.0000,8.4248E+001
771.0000,8.4397E+001
772.0000,6.7750E+001
773.0000,4.5917E+001
774.0000,5.7152E+001
775.0000,8.6035E+001
776.0000,9.0773E+001
777.0000,8.7596E+001
778.0000,7.8753E+001
779.0000,7.9504E+001
780.0000,7.7087E+001
781.0000,8.8828E+001
782.0000,9.7047E+001
783.0000,6.4408E+001
784.0000,9.7310E+001
785.0000,8.4115E+001
786.0000,9.5578E+001
787.0000,9.7262E+001
788.0000,5.8527E+001
789.0000,8.1894E+001
790.0000,6.8359E+001
791.0000,8.9584E+001
792.0000,9.8073E+001
793.0000,6.1693E+001
794.0000,1.0702E+002
795.0000,1.0606E+002
796.0000,9.3615E+001
797.0000,8.1952E+001
798.0000,1.0969E+002
799.0000,1.0002E+002
800.0000,1.0730E+002
801.0000,9.2291E+001
802.0000,1.0348E+002
803.0000,9.9930E+001
804.0000,9.4054E+001
805.0000,6.8374E+001
806.0000,1.2680E+002
807.0000,8.2328E+001
808.0000,1.2597E+002
809.0000,1.4431E+002
810.0000,1.5040E+002
811.0000,1.4239E+002
812.0000,1.4375E+002
813.0000,1.2472E+002
814.0000,1.4135E+002
815.0000,6.7283E+001
816.0000,1.0835E+002
817.0000,1.1462E+002
818.0000,1.4285E+002
819.0000,1.2063E+002
820.0000,9.6709E+001
821.0000,1.5476E+002
822.0000,1.4502E+002
823.0000,1.1740E+002
824.0000,7.3767E+001
825.0000,1.4804E+002
826.0000,1.5329E+002
827.0000,1.4380E+002
828.0000,1.0840E+002
829.0000,1.4083E+002
830.0000,1.2213E+002
831.0000,1.5454E+002
832.0000,8.5259E+001
833.0000,1.2628E+002
834.0000,1.7760E+002
835.0000,1.4130E+002
836.0000,1.7174E+002
837.0000,1.6602E+002
838.0000,1.0584E+002
839.0000,6.8529E+001
840.0000,1.2755E+002
841.0000,1.4538E+002
842.0000,1.2042E+002
843.0000,4.6153E+001
844.0000,6.2570E+001
845.0000,1.1587E+002
846.0000,1.3517E+002
847.0000,1.1504E+002
848.0000,5.8619E+001
849.0000,8.2306E+001
850.0000,1.7446E+002
851.0000,9.0352E+001
852.0000,5.9280E+001
853.0000,1.2307E+002
854.0000,1.1298E+002
855.0000,1.1326E+002
856.0000,1.2215E+002
857.0000,1.6256E+002
858.0000,1.5785E+002
859.0000,1.4575E+002
860.0000,1.2486E+002
861.0000,1.6231E+002
862.0000,1.5151E+002
863.0000,1.2871E+002
864.0000,1.7679E+002
865.0000,1.4373E+002
866.0000,1.7527E+002
867.0000,1.7640E+002
868.0000,1.9412E+002
869.0000,1.5791E+002
870.0000,1.7035E+002
871.0000,1.2438E+002
872.0000,1.6369E+002
873.0000,1.6115E+002
874.0000,1.7931E+002
875.0000,1.8676E+002
876.0000,1.8255E+002
877.0000,1.9736E+002
878.0000,1.6175E+002
879.0000,1.4686E+002
880.0000,1.0810E+002
881.0000,1.5965E+002
882.0000,1.6988E+002
883.0000,1.7552E+002
884.0000,1.8342E+002
885.0000,1.9950E+002
886.0000,1.6395E+002
887.0000,1.6248E+002
888.0000,1.3214E+002
889.0000,1.7580E+002
890.0000,1.8264E+002
891.0000,1.8418E+002
892.0000,1.5412E+002
893.0000,1.7142E+002
894.0000,1.8913E+002
895.0000,1.9511E+002
896.0000,1.7009E+002
897.0000,1.5765E+002
898.0000,1.2907E+002
899.0000,1.2715E+002
900.0000,1.3317E+002
901.0000,1.5430E+002
902.0000,1.6794E+002
903.0000,1.7608E+002
904.0000,1.7438E+002
905.0000,1.4370E+002
906.0000,1.4098E+002
907.0000,1.6565E+002
908.0000,1.6223E+002
909.0000,1.7289E+002
910.0000,1.8062E+002
911.0000,1.8012E+002
912.0000,1.7341E+002
913.0000,1.7308E+002
914.0000,1.7488E+002
915.0000,1.8528E+002
916.0000,1.8132E+002
917.0000,1.3877E+002
918.0000,1.4957E+002
919.0000,1.7927E+002
920.0000,1.8809E+002
921.0000,1.7294E+002
922.0000,1.6451E+002
923.0000,1.7384E+002
924.0000,1.7730E+002
925.0000,1.3220E+002
926.0000,1.4100E+002
927.0000,1.3183E+002
928.0000,1.2364E+002
929.0000,1.2534E+002
930.0000,1.4275E+002
931.0000,1.4490E+002
932.0000,1.4996E+002
933.0000,1.4506E+002
934.0000,1.2453E+002
935.0000,1.5296E+002
936.0000,1.4161E+002
937.0000,1.6204E+002
938.0000,1.8297E+002
939.0000,1.8708E+002
940.0000,1.9566E+002
941.0000,1.8674E+002
942.0000,1.9418E+002
943.0000,1.8914E+002
944.0000,1.8989E+002
945.0000,1.8301E+002
946.0000,1.8481E+002
947.0000,1.7813E+002
948.0000,1.7690E+002
949.0000,1.7134E+002
950.0000,1.5447E+002
951.0000,1.3810E+002
952.0000,1.5993E+002
953.0000,1.5642E+002
954.0000,1.5587E+002
955.0000,1.3187E+002
956.0000,1.3123E+002
957.0000,1.6038E+002
958.0000,1.6493E+002
959.0000,1.6340E+002
960.0000,1.5179E+002
961.0000,1.4556E+002
962.0000,1.6776E+002
963.0000,1.4373E+002
964.0000,1.1003E+002
965.0000,1.0627E+002
966.0000,1.3741E+002
967.0000,1.0820E+002
968.0000,8.7274E+001
969.0000,5.7655E+001
970.0000,1.3038E+002
971.0000,1.5893E+002
972.0000,1.4066E+002
973.0000,1.4557E+002
974.0000,1.5846E+002
975.0000,1.4413E+002
976.0000,1.1880E+002
977.0000,1.3826E+002
978.0000,1.4682E+002
979.0000,1.3591E+002
980.0000,1.3935E+002
981.0000,1.3437E+002
982.0000,1.1782E+002
983.0000,7.3620E+001
984.0000,6.8086E+001
985.0000,9.8198E+001
986.0000,1.3705E+002
987.0000,1.2260E+002
988.0000,1.0082E+002
989.0000,1.0490E+002
990.0000,1.2408E+002
991.0000,9.5706E+001
992.0000,8.2380E+001
993.0000,1.1475E+002
994.0000,1.2208E+002
995.0000,1.2479E+002
996.0000,8.5057E+001
997.0000,9.7113E+001
998.0000,1.1465E+002
999.0000,8.7257E+001
1000.0000,1.0933E+002
1001.0000,1.0773E+002
1002.0000,1.0893E+002
1003.0000,1.1252E+002
1004.0000,8.1916E+001
1005.0000,1.0354E+002
1006.0000,7.3565E+001
1007.0000,8.2697E+001
1008.0000,6.8524E+001
1009.0000,3.1490E+001
1010.0000,6.8687E+001
1011.0000,8.2180E+001
1012.0000,9.4383E+001
1013.0000,9.3653E+001
1014.0000,6.4638E+001
1015.0000,1.0388E+002
1016.0000,1.0130E+002
1017.0000,7.9070E+001
1018.0000,5.2748E+001
1019.0000,8.6882E+001
1020.0000,8.3081E+001
1021.0000,8.7179E+001
1022.0000,9.0492E+001
1023.0000,9.4609E+001
1024.0000,8.7084E+001
1025.0000,8.0697E+001
1026.0000,4.9369E+001
1027.0000,5.9729E+001
1028.0000,7.2749E+001
1029.0000,4.9044E+001
1030.0000,7.0096E+001
1031.0000,8.2576E+001
1032.0000,8.0429E+001
1033.0000,5.6238E+001
1034.0000,5.2470E+001
1035.0000,8.3387E+001
1036.0000,8.1493E+001
1037.0000,8.3268E+001
1038.0000,8.0802E+001
1039.0000,8.0642E+001
1040.0000,7.7742E+001
1041.0000,7.7514E+001
1042.0000,7.2412E+001
1043.0000,7.5478E+001
1044.0000,7.5294E+001
1045.0000,7.3305E+001
1046.0000,7.2653E+001
1047.0000,7.1540E+001
1048.0000,6.9888E+001
1049.0000,6.9671E+001
1050.0000,6.9642E+001
1051.0000,6.8726E+001
1052.0000,6.4894E+001
1053.0000,6.6333E+001
1054.0000,6.5254E+001
1055.0000,6.3882E+001
1056.0000,5.3456E+001
1057.0000,6.0353E+001
1058.0000,5.7126E+001
1059.0000,5.9262E+001
1060.0000,5.9404E+001
1061.0000,5.8700E+001
1062.0000,5.8302E+001
1063.0000,5.5268E+001
1064.0000,5.1807E+001
1065.0000,5.4459E+001
1066.0000,5.5825E+001
1067.0000,5.5065E+001
1068.0000,5.4935E+001
1069.0000,5.5788E+001
1070.0000,5.0387E+001
1071.0000,5.5485E+001
1072.0000,4.5399E+001
1073.0000,5.4386E+001
1074.0000,5.4392E+001
1075.0000,5.3523E+001
1076.0000,4.4945E+001
1077.0000,4.9600E+001
1078.0000,4.9471E+001
1079.0000,4.2045E+001
1080.0000,5.1889E+001
1081.0000,4.9528E+001
1082.0000,4.9857E+001
1083.0000,5.0138E+001
1084.0000,5.1221E+001
1085.0000,5.3387E+001
1086.0000,5.3498E+001
1087.0000,5.4877E+001
1088.0000,5.5233E+001
1089.0000,5.5385E+001
1090.0000,5.6592E+001
1091.0000,5.2943E+001
1092.0000,4.9147E+001
1093.0000,5.0580E+001
1094.0000,4.8600E+001
1095.0000,2.7410E+001
1096.0000,1.5570E+001
1097.0000,5.1150E+001
1098.0000,5.1091E+001
1099.0000,5.4342E+001
1100.0000,4.1402E+001
1101.0000,4.8559E+001
1102.0000,5.1241E+001
1103.0000,4.5970E+001
1104.0000,4.2142E+001
1105.0000,3.2103E+001
1106.0000,3.3661E+001
1107.0000,5.9999E+001
1108.0000,6.1244E+001
1109.0000,5.5505E+001
1110.0000,6.2971E+001
1111.0000,4.6508E+001
1112.0000,5.4231E+001
1113.0000,5.9297E+001
1114.0000,6.3648E+001
1115.0000,6.3646E+001
1116.0000,6.5304E+001
1117.0000,6.6916E+001
1118.0000,6.0437E+001
1119.0000,6.8108E+001
1120.0000,7.0103E+001
1121.0000,6.9962E+001
1122.0000,5.7082E+001
1123.0000,5.4137E+001
1124.0000,3.9581E+001
1125.0000,3.2202E+001
1126.0000,5.1171E+001
1127.0000,2.8300E+001
1128.0000,6.3357E+001
1129.0000,8.1941E+001
1130.0000,6.7940E+001
1131.0000,8.4280E+001
1132.0000,8.3043E+001
1133.0000,6.2435E+001
1134.0000,7.6212E+001
1135.0000,8.8966E+001
1136.0000,7.7006E+001
1137.0000,7.6528E+001
1138.0000,9.0954E+001
1139.0000,9.1049E+001
1140.0000,9.0731E+001
1141.0000,6.2553E+001
1142.0000,6.6738E+001
1143.0000,1.0016E+002
1144.0000,1.0074E+002
1145.0000,9.3077E+001
1146.0000,8.3237E+001
1147.0000,4.0808E+001
1148.0000,9.2842E+001
1149.0000,7.3171E+001
1150.0000,6.2995E+001
1151.0000,5.6529E+001
1152.0000,7.8400E+001
1153.0000,6.5296E+001
1154.0000,7.9419E+001
1155.0000,9.4116E+001
1156.0000,1.0143E+002
1157.0000,1.0483E+002
1158.0000,1.1239E+002
1159.0000,4.1243E+001
1160.0000,4.0068E+001
1161.0000,2.7145E+001
1162.0000,1.4279E+001
1163.0000,1.2719E+001
1164.0000,8.9008E+000
1165.0000,6.8269E+000
1166.0000,6.2425E+000
1167.0000,4.4310E+000
1168.0000,5.6769E+000
1169.0000,5.6299E+000
1170.0000,5.8014E+000
1171.0000,5.6643E+000
1172.0000,5.2125E+000
1173.0000,8.1996E+000
1174.0000,2.3944E+001
1175.0000,4.3907E+001
1176.0000,5.7747E+001
1177.0000,7.2594E+000
1178.0000,4.8718E+000
1179.0000,6.3502E+000
1180.0000,6.8110E+000
1181.0000,6.9282E+000
1182.0000,1.3694E+001
1183.0000,3.1079E+001
1184.0000,7.9494E+001
1185.0000,7.7417E+001
1186.0000,7.1722E+001
1187.0000,6.8963E+001
1188.0000,6.2271E+001
1189.0000,2.5884E+001
1190.0000,2.7028E+001
1191.0000,5.2382E+001
1192.0000,8.5137E+001
1193.0000,1.2881E+002
1194.0000,1.1130E+002
1195.0000,1.3095E+002
1196.0000,1.3639E+002
1197.0000,1.3491E+002
1198.0000,1.3874E+002
1199.0000,1.7741E+002
1200.0000,1.7377E+002
1201.0000,1.6957E+002
1202.0000,1.3424E+002
1203.0000,1.0467E+002
1204.0000,1.7066E+002
1205.0000,1.2935E+002
1206.0000,1.5719E+002
1207.0000,5.8268E+001
1208.0000,1.2884E+002
1209.0000,1.5163E+002
1210.0000,1.2390E+002
1211.0000,1.2516E+002
1212.0000,1.0443E+002
1213.0000,1.6116E+002
1214.0000,1.0547E+002
1215.0000,9.0858E+001
1216.0000,6.8753E+001
1217.0000,1.0717E+002
1218.0000,1.3373E+002
1219.0000,1.6318E+002
1220.0000,1.1439E+002
1221.0000,1.5243E+002
1222.0000,1.3975E+002
1223.0000,9.0807E+001
1224.0000,9.7155E+001
1225.0000,1.5204E+002
1226.0000,1.5948E+002
1227.0000,1.5988E+002
1228.0000,1.6907E+002
1229.0000,1.6045E+002
1230.0000,1.3844E+002
1231.0000,1.6951E+002
1232.0000,1.8406E+002
1233.0000,1.5802E+002
1234.0000,1.1319E+002
1235.0000,1.8011E+002
1236.0000,1.3828E+002
1237.0000,1.5565E+002
1238.0000,1.0298E+002
1239.0000,1.6351E+002
1240.0000,1.2744E+002
1241.0000,1.0381E+002
1242.0000,1.2216E+002
1243.0000,1.5397E+002
1244.0000,1.4864E+002
1245.0000,1.6143E+002
1246.0000,1.7278E+002
1247.0000,1.9154E+002
1248.0000,1.4107E+002
1249.0000,1.1701E+002
1250.0000,1.3550E+002
1251.0000,1.5226E+002
1252.0000,1.1139E+002
1253.0000,1.4237E+002
1254.0000,1.5247E+002
1255.0000,1.6746E+002
1256.0000,1.8017E+002
1257.0000,1.7425E+002
1258.0000,1.5731E+002
1259.0000,1.2222E+002
1260.0000,1.4413E+002
1261.0000,1.7718E+002
1262.0000,1.5532E+002
1263.0000,1.4894E+002
1264.0000,1.4736E+002
1265.0000,1.5328E+002
1266.0000,1.5252E+002
1267.0000,1.8196E+002
1268.0000,1.5030E+002
1269.0000,1.2514E+002
1270.0000,1.7612E+002
1271.0000,1.9857E+002
1272.0000,1.8779E+002
1273.0000,1.9015E+002
1274.0000,1.7835E+002
1275.0000,1.8448E+002
1276.0000,1.9696E+002
1277.0000,1.2955E+002
1278.0000,1.7443E+002
1279.0000,1.2738E+002
1280.0000,1.6725E+002
1281.0000,1.4509E+002
1282.0000,1.7215E+002
1283.0000,1.9291E+002
1284.0000,1.7687E+002
1285.0000,1.3959E+002
1286.0000,1.5473E+002
1287.0000,1.1260E+002
1288.0000,1.0727E+002
1289.0000,1.4447E+002
1290.0000,1.5843E+002
1291.0000,1.5897E+002
1292.0000,1.5454E+002
1293.0000,1.5921E+002
1294.0000,1.6986E+002
1295.0000,1.6193E+002
1296.0000,1.0064E+002
1297.0000,1.4058E+002
1298.0000,1.4879E+002
1299.0000,1.3545E+002
1300.0000,1.3692E+002
1301.0000,1.7259E+002
1302.0000,1.7179E+002
1303.0000,1.6682E+002
1304.0000,1.6916E+002
1305.0000,1.7716E+002
1306.0000,1.7878E+002
1307.0000,1.6976E+002
1308.0000,1.6588E+002
1309.0000,1.6671E+002
1310.0000,1.7248E+002
1311.0000,1.4728E+002
1312.0000,1.2593E+002
1313.0000,1.1118E+002
1314.0000,8.7577E+001
1315.0000,8.1810E+001
1316.0000,1.1330E+002
1317.0000,1.0711E+002
1318.0000,1.5303E+002
1319.0000,1.5184E+002
1320.0000,1.3176E+002
1321.0000,1.4454E+002
1322.0000,1.3706E+002
1323.0000,1.3293E+002
1324.0000,1.4618E+002
1325.0000,1.1799E+002
1326.0000,1.0844E+002
1327.0000,9.9130E+001
1328.0000,9.4369E+001
1329.0000,1.4142E+002
1330.0000,1.2259E+002
1331.0000,1.1481E+002
1332.0000,7.3466E+001
1333.0000,7.6950E+001
1334.0000,6.7674E+001
1335.0000,1.0122E+002
1336.0000,1.5971E+002
1337.0000,1.6307E+002
1338.0000,1.6059E+002
1339.0000,1.4047E+002
1340.0000,1.2148E+002
1341.0000,1.1397E+002
1342.0000,1.2270E+002
1343.0000,1.1037E+002
1344.0000,8.4485E+001
1345.0000,1.4332E+002
1346.0000,1.4460E+002
1347.0000,1.4492E+002
1348.0000,1.4134E+002
1349.0000,1.0541E+002
1350.0000,1.0046E+002
1351.0000,1.2855E+002
1352.0000,1.2813E+002
1353.0000,1.0999E+002
1354.0000,9.4966E+001
1355.0000,1.1832E+002
1356.0000,1.1520E+002
1357.0000,1.1139E+002
1358.0000,6.6918E+001
1359.0000,5.0425E+001
1360.0000,1.1816E+002
1361.0000,1.1188E+002
1362.0000,1.0869E+002
1363.0000,8.0529E+001
1364.0000,6.3232E+001
1365.0000,5.7906E+001
1366.0000,8.3024E+001
1367.0000,1.1881E+002
1368.0000,8.8781E+001
1369.0000,5.2761E+001
1370.0000,1.2064E+002
1371.0000,9.1455E+001
1372.0000,1.1941E+002
1373.0000,1.1262E+002
1374.0000,1.1353E+002
1375.0000,1.0805E+002
1376.0000,1.0268E+002
1377.0000,1.0324E+002
1378.0000,1.0407E+002
1379.0000,1.0339E+002
1380.0000,1.0346E+002
1381.0000,7.6994E+001
1382.0000,8.6996E+001
1383.0000,9.2832E+001
1384.0000,7.6880E+001
1385.0000,8.0284E+001
1386.0000,8.9743E+001
1387.0000,6.2261E+001
1388.0000,5.4241E+001
1389.0000,7.0819E+001
1390.0000,9.3342E+001
1391.0000,7.2415E+001
1392.0000,8.2667E+001
1393.0000,4.4342E+001
1394.0000,2.9430E+001
1395.0000,4.0901E+001
1396.0000,4.6523E+001
1397.0000,4.7597E+001
1398.0000,5.2417E+001
1399.0000,6.6525E+001
1400.0000,8.2097E+001
1401.0000,8.1576E+001
1402.0000,7.5185E+001
1403.0000,5.9477E+001
1404.0000,5.3000E+001
1405.0000,4.5015E+001
1406.0000,5.0324E+001
1407.0000,7.0165E+001
1408.0000,7.4653E+001
1409.0000,6.9322E+001
1410.0000,5.6449E+001
1411.0000,2.1013E+001
1412.0000,6.8867E+001
1413.0000,6.6989E+001
1414.0000,2.1708E+001
1415.0000,2.0495E+001
1416.0000,1.2896E+001
1417.0000,1.1287E+001
1418.0000,9.3539E+000
1419.0000,9.7953E+000
1420.0000,8.2218E+000
1421.0000,6.9442E+000
1422.0000,8.4775E+000
1423.0000,3.9832E+000
1424.0000,6.3369E+000
1425.0000,5.0306E+000
1426.0000,4.1298E+000
1427.0000,4.8685E+000
1428.0000,5.0242E+000
1429.0000,4.8714E+000
1430.0000,4.5293E+000
1431.0000,4.3096E+000
1432.0000,4.2684E+000
1433.0000,4.2758E+000
1434.0000,4.2912E+000
1435.0000,4.3169E+000
1436.0000,4.3129E+000
1437.0000,4.1203E+000
1438.0000,3.4785E+000
1439.0000,1.4477E+000
1440.0000,2.5696E+000
1441.0000,2.5473E+000
1442.0000,2.5122E+000
1443.0000,2.4268E+000
1444.0000,2.0095E+000
1445.0000,2.3686E+000
1446.0000,1.9719E+000
1447.0000,2.2497E+000
1448.0000,2.3538E+000
1449.0000,2.2978E+000
1450.0000,2.0727E+000
1451.0000,1.7944E+000
1452.0000,1.9713E+000
1453.0000,1.7358E+000
1454.0000,7.7226E-001
1455.0000,8.2426E-001
1456.0000,1.2184E+000
1457.0000,1.1979E+000
1458.0000,1.2329E+000
1459.0000,1.1632E+000
1460.0000,1.1584E+000
1461.0000,1.1729E+000
1462.0000,1.0751E+000
1463.0000,8.2966E-001
1464.0000,1.0383E+000
1465.0000,1.0481E+000
1466.0000,1.0412E+000
1467.0000,1.0378E+000
1468.0000,1.0343E+000
1469.0000,9.0520E-001
1470.0000,9.2505E-001
1471.0000,9.3229E-001
1472.0000,8.1674E-001
1473.0000,6.8603E-001
1474.0000,7.5896E-001
1475.0000,8.4163E-001
1476.0000,8.4396E-001
1477.0000,8.4389E-001
1478.0000,6.5519E-001
1479.0000,4.2884E-001
1480.0000,2.1777E-001
1481.0000,4.0211E-001
1482.0000,3.8816E-001
1483.0000,2.8617E-001
1484.0000,2.4381E-001
1485.0000,2.8919E-001
1486.0000,2.0557E-001
1487.0000,1.8055E-001
1488.0000,8.2882E-002
1489.0000,1.7314E-001
1490.0000,1.3784E-001
1491.0000,7.5365E-002
1492.0000,7.9295E-002
1493.0000,5.4005E-002
1494.0000,1.0738E-001
1495.0000,1.0316E-001
1496.0000,1.0388E-001
1497.0000,1.1113E-001
1498.0000,7.6767E-002
1499.0000,4.0223E-002
1500.0000,2.5718E-002
1501.0000,8.9306E-003
1502.0000,2.0541E-002
1503.0000,2.1648E-002
1504.0000,2.1306E-002
1505.0000,2.1807E-002
1506.0000,1.8161E-002
1507.0000,1.1161E-002
1508.0000,1.7058E-002
1509.0000,9.6345E-003
1510.0000,9.3029E-003
1511.0000,1.3074E-002
1512.0000,1.4398E-002
1513.0000,1.3711E-002
1514.0000,1.4715E-002
1515.0000,1.4349E-002
1516.0000,1.4809E-002
1517.0000,1.4913E-002
1518.0000,1.4397E-002
1519.0000,1.4280E-002
1520.0000,1.1637E-002
1521.0000,7.2210E-003
1522.0000,6.1294E-003
1523.0000,6.5928E-003
1524.0000,4.4473E-003
1525.0000,4.7951E-003
1526.0000,5.2313E-003
1527.0000,5.0522E-003
1528.0000,5.0507E-003
1529.0000,4.0014E-003
1530.0000,4.3873E-003
1531.0000,4.4211E-003
1532.0000,2.6216E-003
1533.0000,3.9719E-003
1534.0000,3.4643E-003
1535.0000,1.8485E-003
1536.0000,8.6870E-004
1537.0000,1.3547E-003
1538.0000,1.5791E-003
1539.0000,1.6017E-003
1540.0000,1.6204E-003
1541.0000,1.5500E-003
1542.0000,1.4973E-003
1543.0000,1.2529E-003
1544.0000,1.4620E-003
1545.0000,1.4076E-003
1546.0000,1.2769E-003
1547.0000,4.5207E-004
1548.0000,6.1717E-004
1549.0000,5.4193E-004
1550.0000,5.2853E-004
1551.0000,4.7359E-004
1552.0000,4.2969E-004
1553.0000,1.9656E-003
1554.0000,1.1286E-002
1555.0000,6.8434E-002
1556.0000,4.6085E-001
1557.0000,2.9789E+000
1558.0000,1.6651E+001
1559.0000,1.6445E+001
1560.0000,2.0837E+001
1561.0000,1.9346E+001
1562.0000,1.5434E+001
1563.0000,1.8827E+001
1564.0000,1.7953E+001
1565.0000,3.2242E+001
1566.0000,3.2230E+001
1567.0000,2.1654E+001
1568.0000,2.1375E+001
1569.0000,3.9479E+001
1570.0000,3.6829E+001
1571.0000,4.1828E+001
1572.0000,5.1883E+001
1573.0000,6.0719E+001
1574.0000,5.7730E+001
1575.0000,4.4528E+001
1576.0000,4.0553E+001
1577.0000,5.4564E+001
1578.0000,6.5682E+001
1579.0000,4.8550E+001
1580.0000,5.1662E+001
1581.0000,5.7776E+001
1582.0000,9.7127E+001
1583.0000,9.9915E+001
1584.0000,6.1689E+001
1585.0000,8.8283E+001
1586.0000,7.4651E+001
1587.0000,6.2599E+001
1588.0000,1.0273E+002
1589.0000,1.0413E+002
1590.0000,1.3316E+002
1591.0000,1.5828E+002
1592.0000,9.2575E+001
1593.0000,1.2475E+002
1594.0000,1.1892E+002
1595.0000,1.6140E+002
1596.0000,1.4523E+002
1597.0000,1.6314E+002
1598.0000,1.5360E+002
1599.0000,1.7543E+002
1600.0000,1.8879E+002
1601.0000,1.2650E+002
1602.0000,1.2803E+002
1603.0000,8.6583E+001
1604.0000,1.0588E+002
1605.0000,1.3229E+002
1606.0000,1.6682E+002
1607.0000,1.6488E+002
1608.0000,1.6107E+002
1609.0000,1.6978E+002
1610.0000,1.8315E+002
1611.0000,1.6738E+002
1612.0000,1.8431E+002
1613.0000,1.8819E+002
1614.0000,1.9630E+002
1615.0000,1.8811E+002
1616.0000,1.7201E+002
1617.0000,1.8072E+002
1618.0000,1.9541E+002
1619.0000,1.7948E+002
1620.0000,1.6167E+002
1621.0000,9.9681E+001
1622.0000,1.0859E+002
1623.0000,1.4636E+002
1624.0000,1.4640E+002
1625.0000,1.5254E+002
1626.0000,1.7908E+002
1627.0000,1.6636E+002
1628.0000,1.4531E+002
1629.0000,1.4761E+002
1630.0000,1.3980E+002
1631.0000,1.6970E+002
1632.0000,1.5463E+002
1633.0000,1.1648E+002
1634.0000,1.7216E+002
1635.0000,1.6612E+002
1636.0000,1.3073E+002
1637.0000,1.4663E+002
1638.0000,1.4599E+002
1639.0000,1.2916E+002
1640.0000,1.2323E+002
1641.0000,8.6802E+001
1642.0000,1.0537E+002
1643.0000,8.5585E+001
1644.0000,1.1250E+002
1645.0000,1.3800E+002
1646.0000,1.5103E+002
1647.0000,1.5581E+002
1648.0000,1.2473E+002
1649.0000,1.3137E+002
1650.0000,1.2206E+002
1651.0000,1.2729E+002
1652.0000,1.3777E+002
1653.0000,1.3305E+002
1654.0000,1.2745E+002
1655.0000,1.2044E+002
1656.0000,1.4859E+002
1657.0000,1.1643E+002
1658.0000,1.3836E+002
1659.0000,1.5904E+002
1660.0000,1.6517E+002
1661.0000,1.2786E+002
1662.0000,1.0894E+002
1663.0000,1.1295E+002
1664.0000,1.1284E+002
1665.0000,1.5171E+002
1666.0000,1.6275E+002
1667.0000,1.7261E+002
1668.0000,1.7767E+002
1669.0000,1.7490E+002
1670.0000,1.6485E+002
1671.0000,1.3432E+002
1672.0000,1.1101E+002
1673.0000,1.1686E+002
1674.0000,1.4005E+002
1675.0000,1.4031E+002
1676.0000,1.5162E+002
1677.0000,1.4294E+002
1678.0000,1.5526E+002
1679.0000,1.6951E+002
1680.0000,1.6260E+002
1681.0000,1.5614E+002
1682.0000,1.5068E+002
1683.0000,1.4208E+002
1684.0000,1.5834E+002
1685.0000,1.7116E+002
1686.0000,1.6197E+002
1687.0000,1.5649E+002
1688.0000,1.6389E+002
1689.0000,1.6473E+002
1690.0000,1.4873E+002
1691.0000,1.4569E+002
1692.0000,1.4258E+002
1693.0000,1.0924E+002
1694.0000,9.0251E+001
1695.0000,1.3252E+002
1696.0000,1.1881E+002
1697.0000,1.2779E+002
1698.0000,1.4668E+002
1699.0000,1.5102E+002
1700.0000,1.5277E+002
1701.0000,1.4630E+002
1702.0000,1.3313E+002
1703.0000,9.1776E+001
1704.0000,1.0057E+002
1705.0000,7.6864E+001
1706.0000,8.5610E+001
1707.0000,8.3300E+001
1708.0000,8.8361E+001
1709.0000,1.4448E+002
1710.0000,1.4557E+002
1711.0000,1.4184E+002
1712.0000,9.5860E+001
1713.0000,9.3282E+001
1714.0000,9.4477E+001
1715.0000,8.2495E+001
1716.0000,7.9116E+001
1717.0000,1.3191E+002
1718.0000,1.2194E+002
1719.0000,8.8625E+001
1720.0000,1.2569E+002
1721.0000,1.3222E+002
1722.0000,1.2336E+002
1723.0000,1.0926E+002
1724.0000,1.0945E+002
1725.0000,1.1978E+002
1726.0000,1.2526E+002
1727.0000,1.1235E+002
1728.0000,1.2325E+002
1729.0000,1.2128E+002
1730.0000,1.1987E+002
1731.0000,1.0235E+002
1732.0000,1.1038E+002
1733.0000,1.1968E+002
1734.0000,1.1664E+002
1735.0000,1.1266E+002
1736.0000,1.0510E+002
1737.0000,9.5281E+001
1738.0000,9.8911E+001
1739.0000,9.3151E+001
1740.0000,1.0118E+002
1741.0000,9.1779E+001
1742.0000,9.4071E+001
1743.0000,9.3294E+001
1744.0000,8.3595E+001
1745.0000,9.1300E+001
1746.0000,8.4833E+001
1747.0000,1.0613E+002
1748.0000,7.5966E+001
1749.0000,9.4130E+001
1750.0000,9.5835E+001
1751.0000,8.4229E+001
1752.0000,7.4194E+001
1753.0000,6.6866E+001
1754.0000,6.7824E+001
1755.0000,6.6251E+001
1756.0000,8.2205E+001
1757.0000,7.3453E+001
1758.0000,5.9735E+001
1759.0000,5.6825E+001
1760.0000,5.3090E+001
1761.0000,4.6447E+001
1762.0000,6.6957E+001
1763.0000,8.3997E+001
1764.0000,8.4514E+001
1765.0000,7.9716E+001
1766.0000,6.8127E+001
1767.0000,7.6819E+001
1768.0000,7.1124E+001
1769.0000,6.5951E+001
1770.0000,6.7378E+001
1771.0000,7.1771E+001
1772.0000,7.3620E+001
1773.0000,6.3425E+001
1774.0000,6.4319E+001
1775.0000,4.4605E+001
1776.0000,4.5337E+001
1777.0000,2.3252E+001
1778.0000,3.3987E+001
1779.0000,3.7199E+001
1780.0000,5.8649E+001
1781.0000,6.5047E+001
1782.0000,6.7182E+001
1783.0000,6.4184E+001
1784.0000,5.0585E+001
1785.0000,3.0902E+001
1786.0000,2.2933E+001
1787.0000,3.2756E+001
1788.0000,3.8936E+001
1789.0000,4.9217E+001
1790.0000,4.8911E+001
1791.0000,3.9953E+001
1792.0000,5.2136E+001
1793.0000,5.8601E+001
1794.0000,5.8318E+001
1795.0000,5.5834E+001
1796.0000,5.7997E+001
1797.0000,5.6931E+001
1798.0000,5.4037E+001
1799.0000,3.3402E+001
1800.0000,3.4588E+001
1801.0000,5.3617E+001
1802.0000,4.8310E+001
1803.0000,2.5477E+001
1804.0000,5.2159E+001
1805.0000,4.9987E+001
1806.0000,2.8848E+001
1807.0000,4.8871E+001
1808.0000,3.9466E+001
1809.0000,2.6346E+001
1810.0000,2.5599E+001
1811.0000,3.1408E+001
1812.0000,4.2409E+001
1813.0000,2.8282E+001
1814.0000,3.8341E+001
1815.0000,4.3164E+001
1816.0000,4.4280E+001
1817.0000,3.6838E+001
1818.0000,3.6849E+001
1819.0000,2.6907E+001
1820.0000,4.2159E+001
1821.0000,5.1863E+001
1822.0000,5.5899E+001
1823.0000,5.7198E+001
1824.0000,5.1680E+001
1825.0000,4.0967E+001
1826.0000,5.5331E+001
1827.0000,5.6103E+001
1828.0000,5.6022E+001
1829.0000,5.6216E+001
1830.0000,5.7187E+001
1831.0000,5.5042E+001
1832.0000,4.1620E+001
1833.0000,4.8493E+001
1834.0000,4.9397E+001
1835.0000,1.8898E+001
1836.0000,2.3533E+001
1837.0000,6.2449E+001
1838.0000,6.2611E+001
1839.0000,5.9490E+001
1840.0000,6.0566E+001
1841.0000,6.5473E+001
1842.0000,6.4929E+001
1843.0000,5.7111E+001
1844.0000,6.5977E+001
1845.0000,6.5882E+001
1846.0000,5.1366E+001
1847.0000,6.2827E+001
1848.0000,6.6874E+001
1849.0000,6.3987E+001
1850.0000,6.4513E+001
1851.0000,4.7509E+001
1852.0000,6.7667E+001
1853.0000,3.2845E+001
1854.0000,6.8066E+001
1855.0000,2.2625E+001
1856.0000,6.9831E+001
1857.0000,6.5416E+001
1858.0000,4.7358E+001
1859.0000,3.4115E+001
1860.0000,8.3924E+001
1861.0000,8.4345E+001
1862.0000,8.4846E+001
1863.0000,8.0575E+001
1864.0000,5.8356E+001
1865.0000,8.4878E+001
1866.0000,8.1181E+001
1867.0000,8.4890E+001
1868.0000,7.7952E+001
1869.0000,6.1048E+001
1870.0000,5.1756E+001
1871.0000,9.6595E+001
1872.0000,8.9734E+001
1873.0000,7.9729E+001
1874.0000,8.4698E+001
1875.0000,9.2972E+001
1876.0000,8.9559E+001
1877.0000,9.6561E+001
1878.0000,8.0275E+001
1879.0000,9.9369E+001
1880.0000,1.0105E+002
1881.0000,6.3326E+001
1882.0000,9.0098E+001
1883.0000,9.3427E+001
1884.0000,1.0831E+002
1885.0000,8.8520E+001
1886.0000,4.8873E+001
1887.0000,1.1208E+002
1888.0000,1.1379E+002
1889.0000,6.1839E+001
1890.0000,3.4002E+001
1891.0000,1.1796E+002
1892.0000,1.2928E+002
1893.0000,1.3369E+002
1894.0000,1.1924E+002
1895.0000,1.2602E+002
1896.0000,1.2955E+002
1897.0000,1.0713E+002
1898.0000,1.0719E+002
1899.0000,1.1147E+002
1900.0000,1.2522E+002
1901.0000,1.1273E+002
1902.0000,8.7084E+001
1903.0000,7.0584E+001
1904.0000,1.4136E+002
1905.0000,1.3515E+002
1906.0000,1.3719E+002
1907.0000,1.4173E+002
1908.0000,1.3252E+002
1909.0000,8.1799E+001
1910.0000,1.4851E+002
1911.0000,1.4713E+002
1912.0000,1.3512E+002
1913.0000,1.4164E+002
1914.0000,9.4512E+001
1915.0000,1.2787E+002
1916.0000,1.3898E+002
1917.0000,1.5997E+002
1918.0000,1.5138E+002
1919.0000,1.5176E+002
1920.0000,1.5337E+002
1921.0000,1.0417E+002
1922.0000,1.1873E+002
1923.0000,1.6475E+002
1924.0000,1.6780E+002
1925.0000,1.1940E+002
1926.0000,1.3598E+002
1927.0000,1.2224E+002
1928.0000,1.1900E+002
1929.0000,1.5013E+002
1930.0000,1.6242E+002
1931.0000,1.3906E+002
1932.0000,7.4492E+001
1933.0000,1.1442E+002
1934.0000,1.1877E+002
1935.0000,1.2146E+002
1936.0000,1.1739E+002
1937.0000,9.2389E+001
1938.0000,1.3576E+002
1939.0000,1.5011E+002
1940.0000,1.6845E+002
1941.0000,1.7533E+002
1942.0000,1.6255E+002
1943.0000,1.6511E+002
1944.0000,1.8443E+002
1945.0000,1.8109E+002
1946.0000,1.3427E+002
1947.0000,1.7309E+002
1948.0000,1.8440E+002
1949.0000,1.8636E+002
1950.0000,1.6614E+002
1951.0000,1.5101E+002
1952.0000,1.3655E+002
1953.0000,9.7893E+001
1954.0000,4.9767E+001
1955.0000,7.3211E+001
1956.0000,1.1244E+002
1957.0000,1.1084E+002
1958.0000,1.0476E+002
1959.0000,1.6481E+002
1960.0000,1.1141E+002
1961.0000,1.8485E+002
1962.0000,5.7897E+001
1963.0000,1.1172E+002
1964.0000,1.7873E+002
1965.0000,1.3895E+002
1966.0000,1.0760E+002
1967.0000,1.5433E+002
1968.0000,1.7456E+002
1969.0000,1.7590E+002
1970.0000,1.8385E+002
1971.0000,1.3620E+002
1972.0000,1.4073E+002
1973.0000,1.1352E+002
1974.0000,5.5638E+001
1975.0000,9.9280E+001
1976.0000,1.3956E+002
1977.0000,1.6418E+002
1978.0000,1.6753E+002
1979.0000,1.6677E+002
1980.0000,1.7999E+002
1981.0000,1.8224E+002
1982.0000,1.8442E+002
1983.0000,1.6217E+002
1984.0000,1.5035E+002
1985.0000,1.7029E+002
1986.0000,1.4369E+002
1987.0000,1.2807E+002
1988.0000,1.0847E+002
1989.0000,1.5512E+002
1990.0000,1.7365E+002
1991.0000,1.8029E+002
1992.0000,1.7839E+002
1993.0000,1.7380E+002
1994.0000,1.4420E+002
1995.0000,1.4863E+002
1996.0000,1.1562E+002
1997.0000,1.1647E+002
1998.0000,7.0511E+001
1999.0000,1.8915E+002
2000.0000,1.9713E+002
2001.0000,1.6761E+002
2002.0000,1.5169E+002
2003.0000,1.6689E+002
2004.0000,1.6452E+002
2005.0000,1.5059E+002
2006.0000,1.7572E+002
2007.0000,1.8253E+002
2008.0000,1.9987E+002
2009.0000,1.5420E+002
2010.0000,1.4570E+002
2011.0000,1.2651E+002
2012.0000,1.1450E+002
2013.0000,1.4924E+002
2014.0000,1.5552E+002
2015.0000,1.1483E+002
2016.0000,1.2463E+002
2017.0000,1.2945E+002
2018.0000,1.5559E+002
2019.0000,1.3746E+002
2020.0000,1.2578E+002
2021.0000,1.2451E+002
2022.0000,1.5025E+002
2023.0000,1.6154E+002
2024.0000,1.2202E+002
2025.0000,1.2105E+002
2026.0000,1.2120E+002
2027.0000,1.0063E+002
2028.0000,1.3475E+002
2029.0000,1.5149E+002
2030.0000,1.4196E+002
2031.0000,1.4179E+002
2032.0000,1.1207E+002
2033.0000,8.3011E+001
2034.0000,1.0027E+002
2035.0000,1.0032E+002
2036.0000,1.3456E+002
2037.0000,1.5835E+002
2038.0000,1.8435E+002
2039.0000,1.5494E+002
2040.0000,1.1067E+002
2041.0000,1.0430E+002
2042.0000,1.2998E+002
2043.0000,1.5085E+002
2044.0000,1.6481E+002
2045.0000,1.5301E+002
2046.0000,1.1096E+002
2047.0000,1.3153E+002
2048.0000,1.4003E+002
2049.0000,1.4895E+002
2050.0000,1.5563E+002
2051.0000,1.2234E+002
2052.0000,1.1309E+002
2053.0000,1.3729E+002
2054.0000,1.5055E+002
2055.0000,1.4009E+002
2056.0000,1.3971E+002
2057.0000,1.2101E+002
2058.0000,1.0493E+002
2059.0000,9.7820E+001
2060.0000,1.1387E+002
2061.0000,1.4796E+002
2062.0000,1.4806E+002
2063.0000,1.0864E+002
2064.0000,1.2394E+002
2065.0000,1.2247E+002
2066.0000,1.2750E+002
2067.0000,1.2892E+002
2068.0000,1.4121E+002
2069.0000,1.3965E+002
2070.0000,1.4340E+002
2071.0000,1.3423E+002
2072.0000,1.3768E+002
2073.0000,1.4256E+002
2074.0000,9.8928E+001
2075.0000,1.4482E+002
2076.0000,1.4890E+002
2077.0000,1.3264E+002
2078.0000,1.3818E+002
2079.0000,1.1386E+002
2080.0000,1.2735E+002
2081.0000,1.2803E+002
2082.0000,1.2914E+002
2083.0000,1.3255E+002
2084.0000,1.2980E+002
2085.0000,1.0845E+002
2086.0000,1.3533E+002
2087.0000,1.0788E+002
2088.0000,1.0954E+002
2089.0000,1.1352E+002
2090.0000,1.1677E+002
2091.0000,9.1022E+001
2092.0000,7.8451E+001
2093.0000,1.0678E+002
2094.0000,1.0942E+002
2095.0000,1.1344E+002
2096.0000,1.2274E+002
2097.0000,1.1557E+002
2098.0000,1.1215E+002
2099.0000,1.1512E+002
2100.0000,1.1439E+002
2101.0000,1.1699E+002
2102.0000,1.0844E+002
2103.0000,8.0773E+001
2104.0000,7.4172E+001
2105.0000,5.9367E+001
2106.0000,7.7256E+001
2107.0000,6.9621E+001
2108.0000,1.1149E+002
2109.0000,1.0954E+002
2110.0000,1.1041E+002
2111.0000,1.0477E+002
2112.0000,8.9006E+001
2113.0000,6.4358E+001
2114.0000,9.3730E+001
2115.0000,9.7124E+001
2116.0000,1.0168E+002
2117.0000,9.9965E+001
2118.0000,7.9372E+001
2119.0000,7.0671E+001
2120.0000,9.2175E+001
2121.0000,9.5715E+001
2122.0000,8.9106E+001
2123.0000,4.1581E+001
2124.0000,8.4325E+001
2125.0000,8.1045E+001
2126.0000,4.3387E+001
2127.0000,7.2633E+001
2128.0000,8.4795E+001
2129.0000,7.4106E+001
2130.0000,8.3390E+001
2131.0000,7.5544E+001
2132.0000,4.8799E+001
2133.0000,7.4616E+001
2134.0000,7.9905E+001
2135.0000,7.9263E+001
2136.0000,7.1039E+001
2137.0000,7.0169E+001
2138.0000,4.0689E+001
2139.0000,2.3477E+001
2140.0000,3.0734E+001
2141.0000,2.2098E+001
2142.0000,4.8128E+001
2143.0000,4.1251E+001
2144.0000,5.2348E+001
2145.0000,5.8845E+001
2146.0000,4.9436E+001
2147.0000,6.4283E+001
2148.0000,6.5877E+001
2149.0000,6.4404E+001
2150.0000,3.2343E+001
2151.0000,3.2309E+001
2152.0000,3.4748E+001
2153.0000,5.0619E+001
2154.0000,6.1237E+001
2155.0000,4.8981E+001
2156.0000,5.5075E+001
2157.0000,4.8250E+001
2158.0000,4.0736E+001
2159.0000,3.9465E+001
2160.0000,4.0323E+001
2161.0000,5.7035E+001
2162.0000,5.1591E+001
2163.0000,2.6609E+001
2164.0000,2.0522E+001
2165.0000,1.7933E+001
2166.0000,1.8691E+001
2167.0000,1.6471E+001
2168.0000,2.7651E+000
2169.0000,2.9228E+000
2170.0000,4.3501E+000
2171.0000,2.3892E+000
2172.0000,1.3238E+000
2173.0000,1.8718E+000
2174.0000,1.6746E+000
2175.0000,1.6670E+000
2176.0000,1.5950E+000
2177.0000,1.4045E+000
2178.0000,1.6134E+000
2179.0000,1.6576E+000
2180.0000,1.6323E+000
2181.0000,1.6413E+000
2182.0000,1.6416E+000
2183.0000,1.6503E+000
2184.0000,1.6438E+000
2185.0000,1.6568E+000
2186.0000,1.6811E+000
2187.0000,1.6550E+000
2188.0000,1.6747E+000
2189.0000,1.6855E+000
2190.0000,1.6979E+000
2191.0000,1.4632E+000
2192.0000,1.4691E+000
