"",77.800
30.0000,0.0000E+000
31.0000,0.0000E+000
32.0000,0.0000E+000
33.0000,0.0000E+000
34.0000,0.0000E+000
35.0000,0.0000E+000
36.0000,0.0000E+000
37.0000,0.0000E+000
38.0000,0.0000E+000
39.0000,0.0000E+000
40.0000,0.0000E+000
41.0000,0.0000E+000
42.0000,0.0000E+000
43.0000,0.0000E+000
44.0000,0.0000E+000
45.0000,0.0000E+000
46.0000,0.0000E+000
47.0000,0.0000E+000
48.0000,0.0000E+000
49.0000,0.0000E+000
50.0000,0.0000E+000
51.0000,0.0000E+000
52.0000,0.0000E+000
53.0000,0.0000E+000
54.0000,0.0000E+000
55.0000,0.0000E+000
56.0000,9.1754E-003
57.0000,1.7868E-002
58.0000,1.7868E-002
59.0000,1.7868E-002
60.0000,1.8738E-002
61.0000,2.0026E-002
62.0000,3.2165E-002
63.0000,4.5758E-002
64.0000,4.6734E-002
65.0000,4.6734E-002
66.0000,4.6734E-002
67.0000,4.6734E-002
68.0000,4.6734E-002
69.0000,4.6734E-002
70.0000,4.6734E-002
71.0000,4.3532E-002
72.0000,4.0350E-002
73.0000,3.9729E-002
74.0000,3.9729E-002
75.0000,4.3225E-002
76.0000,4.4118E-002
77.0000,4.4118E-002
78.0000,4.4118E-002
79.0000,4.4118E-002
80.0000,4.2396E-002
81.0000,3.6755E-002
82.0000,3.1777E-002
83.0000,2.8028E-002
84.0000,2.4554E-002
85.0000,2.1584E-002
86.0000,1.9021E-002
87.0000,1.7045E-002
88.0000,1.5270E-002
89.0000,1.3426E-002
90.0000,1.1902E-002
91.0000,1.0645E-002
92.0000,9.4449E-003
93.0000,8.3011E-003
94.0000,0.0000E+000
95.0000,0.0000E+000
96.0000,0.0000E+000
97.0000,0.0000E+000
98.0000,0.0000E+000
99.0000,0.0000E+000
100.0000,0.0000E+000
101.0000,0.0000E+000
102.0000,0.0000E+000
103.0000,0.0000E+000
104.0000,0.0000E+000
105.0000,0.0000E+000
106.0000,0.0000E+000
107.0000,0.0000E+000
108.0000,0.0000E+000
109.0000,0.0000E+000
110.0000,0.0000E+000
111.0000,0.0000E+000
112.0000,0.0000E+000
113.0000,0.0000E+000
114.0000,0.0000E+000
115.0000,0.0000E+000
116.0000,0.0000E+000
117.0000,0.0000E+000
118.0000,0.0000E+000
119.0000,0.0000E+000
120.0000,0.0000E+000
121.0000,0.0000E+000
122.0000,0.0000E+000
123.0000,0.0000E+000
124.0000,0.0000E+000
125.0000,0.0000E+000
126.0000,0.0000E+000
127.0000,0.0000E+000
128.0000,0.0000E+000
129.0000,0.0000E+000
130.0000,0.0000E+000
131.0000,0.0000E+000
132.0000,0.0000E+000
133.0000,0.0000E+000
134.0000,0.0000E+000
135.0000,0.0000E+000
136.0000,0.0000E+000
137.0000,0.0000E+000
138.0000,0.0000E+000
139.0000,0.0000E+000
140.0000,0.0000E+000
141.0000,0.0000E+000
142.0000,0.0000E+000
143.0000,0.0000E+000
144.0000,0.0000E+000
145.0000,0.0000E+000
146.0000,0.0000E+000
147.0000,0.0000E+000
148.0000,0.0000E+000
149.0000,0.0000E+000
150.0000,0.0000E+000
151.0000,0.0000E+000
152.0000,0.0000E+000
153.0000,0.0000E+000
154.0000,0.0000E+000
155.0000,0.0000E+000
156.0000,0.0000E+000
157.0000,0.0000E+000
158.0000,0.0000E+000
159.0000,0.0000E+000
160.0000,0.0000E+000
161.0000,0.0000E+000
162.0000,0.0000E+000
163.0000,0.0000E+000
164.0000,0.0000E+000
165.0000,0.0000E+000
166.0000,0.0000E+000
167.0000,0.0000E+000
168.0000,0.0000E+000
169.0000,0.0000E+000
170.0000,0.0000E+000
171.0000,0.0000E+000
172.0000,0.0000E+000
173.0000,0.0000E+000
174.0000,0.0000E+000
175.0000,0.0000E+000
176.0000,0.0000E+000
177.0000,0.0000E+000
178.0000,0.0000E+000
179.0000,0.0000E+000
180.0000,0.0000E+000
181.0000,0.0000E+000
182.0000,0.0000E+000
183.0000,0.0000E+000
184.0000,0.0000E+000
185.0000,0.0000E+000
186.0000,0.0000E+000
187.0000,0.0000E+000
188.0000,0.0000E+000
189.0000,0.0000E+000
190.0000,0.0000E+000
191.0000,0.0000E+000
192.0000,0.0000E+000
193.0000,0.0000E+000
194.0000,0.0000E+000
195.0000,0.0000E+000
196.0000,0.0000E+000
197.0000,0.0000E+000
198.0000,0.0000E+000
199.0000,0.0000E+000
200.0000,0.0000E+000
201.0000,0.0000E+000
202.0000,0.0000E+000
203.0000,0.0000E+000
204.0000,0.0000E+000
205.0000,0.0000E+000
206.0000,0.0000E+000
207.0000,0.0000E+000
208.0000,0.0000E+000
209.0000,0.0000E+000
210.0000,0.0000E+000
211.0000,0.0000E+000
212.0000,0.0000E+000
213.0000,0.0000E+000
214.0000,0.0000E+000
215.0000,0.0000E+000
216.0000,0.0000E+000
217.0000,0.0000E+000
218.0000,0.0000E+000
219.0000,0.0000E+000
220.0000,0.0000E+000
221.0000,0.0000E+000
222.0000,0.0000E+000
223.0000,0.0000E+000
224.0000,0.0000E+000
225.0000,0.0000E+000
226.0000,0.0000E+000
227.0000,0.0000E+000
228.0000,0.0000E+000
229.0000,0.0000E+000
230.0000,0.0000E+000
231.0000,0.0000E+000
232.0000,0.0000E+000
233.0000,0.0000E+000
234.0000,0.0000E+000
235.0000,0.0000E+000
236.0000,0.0000E+000
237.0000,0.0000E+000
238.0000,0.0000E+000
239.0000,0.0000E+000
240.0000,0.0000E+000
241.0000,0.0000E+000
242.0000,0.0000E+000
243.0000,0.0000E+000
244.0000,0.0000E+000
245.0000,0.0000E+000
246.0000,0.0000E+000
247.0000,0.0000E+000
248.0000,0.0000E+000
249.0000,0.0000E+000
250.0000,0.0000E+000
251.0000,0.0000E+000
252.0000,0.0000E+000
253.0000,0.0000E+000
254.0000,0.0000E+000
255.0000,0.0000E+000
256.0000,0.0000E+000
257.0000,0.0000E+000
258.0000,0.0000E+000
259.0000,0.0000E+000
260.0000,0.0000E+000
261.0000,0.0000E+000
262.0000,0.0000E+000
263.0000,0.0000E+000
264.0000,0.0000E+000
265.0000,0.0000E+000
266.0000,0.0000E+000
267.0000,0.0000E+000
268.0000,0.0000E+000
269.0000,0.0000E+000
270.0000,0.0000E+000
271.0000,0.0000E+000
272.0000,0.0000E+000
273.0000,0.0000E+000
274.0000,0.0000E+000
275.0000,0.0000E+000
276.0000,0.0000E+000
277.0000,0.0000E+000
278.0000,0.0000E+000
279.0000,0.0000E+000
280.0000,0.0000E+000
281.0000,0.0000E+000
282.0000,0.0000E+000
283.0000,0.0000E+000
284.0000,0.0000E+000
285.0000,0.0000E+000
286.0000,0.0000E+000
287.0000,0.0000E+000
288.0000,0.0000E+000
289.0000,0.0000E+000
290.0000,0.0000E+000
291.0000,0.0000E+000
292.0000,0.0000E+000
293.0000,0.0000E+000
294.0000,0.0000E+000
295.0000,0.0000E+000
296.0000,0.0000E+000
297.0000,0.0000E+000
298.0000,0.0000E+000
299.0000,0.0000E+000
300.0000,0.0000E+000
301.0000,0.0000E+000
302.0000,0.0000E+000
303.0000,0.0000E+000
304.0000,0.0000E+000
305.0000,0.0000E+000
306.0000,0.0000E+000
307.0000,0.0000E+000
308.0000,0.0000E+000
309.0000,0.0000E+000
310.0000,0.0000E+000
311.0000,0.0000E+000
312.0000,0.0000E+000
313.0000,0.0000E+000
314.0000,0.0000E+000
315.0000,0.0000E+000
316.0000,0.0000E+000
317.0000,0.0000E+000
318.0000,0.0000E+000
319.0000,0.0000E+000
320.0000,0.0000E+000
321.0000,0.0000E+000
322.0000,0.0000E+000
323.0000,0.0000E+000
324.0000,0.0000E+000
325.0000,0.0000E+000
326.0000,0.0000E+000
327.0000,0.0000E+000
328.0000,0.0000E+000
329.0000,0.0000E+000
330.0000,0.0000E+000
331.0000,0.0000E+000
332.0000,0.0000E+000
333.0000,0.0000E+000
334.0000,0.0000E+000
335.0000,0.0000E+000
336.0000,0.0000E+000
337.0000,0.0000E+000
338.0000,0.0000E+000
339.0000,0.0000E+000
340.0000,0.0000E+000
341.0000,0.0000E+000
342.0000,0.0000E+000
343.0000,0.0000E+000
344.0000,0.0000E+000
345.0000,0.0000E+000
346.0000,0.0000E+000
347.0000,0.0000E+000
348.0000,0.0000E+000
349.0000,0.0000E+000
350.0000,0.0000E+000
351.0000,0.0000E+000
352.0000,0.0000E+000
353.0000,0.0000E+000
354.0000,0.0000E+000
355.0000,0.0000E+000
356.0000,0.0000E+000
357.0000,0.0000E+000
358.0000,0.0000E+000
359.0000,1.0961E-002
360.0000,1.9848E-002
361.0000,1.9987E-002
362.0000,2.0521E-002
363.0000,3.1258E-002
364.0000,4.9269E-002
365.0000,7.1976E-002
366.0000,9.7303E-002
367.0000,1.0701E-001
368.0000,1.0701E-001
369.0000,1.0701E-001
370.0000,1.0701E-001
371.0000,1.0701E-001
372.0000,1.0739E-001
373.0000,1.1691E-001
374.0000,1.2472E-001
375.0000,1.2489E-001
376.0000,1.2489E-001
377.0000,1.2489E-001
378.0000,1.2489E-001
379.0000,1.2489E-001
380.0000,1.2489E-001
381.0000,1.2489E-001
382.0000,1.2489E-001
383.0000,1.2489E-001
384.0000,1.2489E-001
385.0000,1.2489E-001
386.0000,1.2489E-001
387.0000,1.2583E-001
388.0000,1.2583E-001
389.0000,1.2583E-001
390.0000,1.2583E-001
391.0000,1.2583E-001
392.0000,1.2796E-001
393.0000,1.2961E-001
394.0000,1.2975E-001
395.0000,1.3186E-001
396.0000,1.3417E-001
397.0000,1.3508E-001
398.0000,1.4268E-001
399.0000,1.5111E-001
400.0000,1.5217E-001
401.0000,1.5217E-001
402.0000,1.5217E-001
403.0000,1.5244E-001
404.0000,1.5266E-001
405.0000,1.5510E-001
406.0000,1.6408E-001
407.0000,1.8480E-001
408.0000,1.9303E-001
409.0000,1.9303E-001
410.0000,1.9303E-001
411.0000,1.9353E-001
412.0000,1.9704E-001
413.0000,2.0853E-001
414.0000,2.1763E-001
415.0000,2.1763E-001
416.0000,2.1886E-001
417.0000,2.2926E-001
418.0000,2.4840E-001
419.0000,2.5886E-001
420.0000,2.5886E-001
421.0000,2.5967E-001
422.0000,2.6339E-001
423.0000,2.7607E-001
424.0000,3.0519E-001
425.0000,3.2940E-001
426.0000,3.3644E-001
427.0000,3.4331E-001
428.0000,3.4814E-001
429.0000,3.4814E-001
430.0000,3.4814E-001
431.0000,3.4814E-001
432.0000,3.4814E-001
433.0000,3.4814E-001
434.0000,3.4814E-001
435.0000,3.4814E-001
436.0000,3.4814E-001
437.0000,3.4814E-001
438.0000,3.4096E-001
439.0000,3.4042E-001
440.0000,3.4042E-001
441.0000,3.4042E-001
442.0000,3.4042E-001
443.0000,3.4042E-001
444.0000,3.4042E-001
445.0000,3.4042E-001
446.0000,3.4042E-001
447.0000,3.4042E-001
448.0000,3.4042E-001
449.0000,3.4042E-001
450.0000,3.4042E-001
451.0000,3.4042E-001
452.0000,3.4042E-001
453.0000,3.4042E-001
454.0000,3.4042E-001
455.0000,3.4042E-001
456.0000,3.4042E-001
457.0000,3.4042E-001
458.0000,3.4042E-001
459.0000,3.4042E-001
460.0000,3.3120E-001
461.0000,3.0266E-001
462.0000,2.7655E-001
463.0000,2.5328E-001
464.0000,2.3908E-001
465.0000,2.3908E-001
466.0000,2.3908E-001
467.0000,2.3908E-001
468.0000,2.3908E-001
469.0000,2.3908E-001
470.0000,2.3908E-001
471.0000,2.3908E-001
472.0000,2.2426E-001
473.0000,2.1976E-001
474.0000,2.1572E-001
475.0000,1.9521E-001
476.0000,1.7358E-001
477.0000,1.5472E-001
478.0000,1.4639E-001
479.0000,1.4639E-001
480.0000,1.4639E-001
481.0000,1.7756E-001
482.0000,1.8912E-001
483.0000,1.8912E-001
484.0000,1.8848E-001
485.0000,1.6785E-001
486.0000,1.4862E-001
487.0000,1.3110E-001
488.0000,1.1588E-001
489.0000,1.0206E-001
490.0000,9.0933E-002
491.0000,8.1269E-002
492.0000,7.1503E-002
493.0000,6.2798E-002
494.0000,3.3062E-002
495.0000,0.0000E+000
496.0000,0.0000E+000
497.0000,0.0000E+000
498.0000,0.0000E+000
499.0000,0.0000E+000
500.0000,0.0000E+000
501.0000,0.0000E+000
502.0000,0.0000E+000
503.0000,0.0000E+000
504.0000,0.0000E+000
505.0000,0.0000E+000
506.0000,0.0000E+000
507.0000,0.0000E+000
508.0000,0.0000E+000
509.0000,0.0000E+000
510.0000,0.0000E+000
511.0000,0.0000E+000
512.0000,0.0000E+000
513.0000,0.0000E+000
514.0000,0.0000E+000
515.0000,0.0000E+000
516.0000,0.0000E+000
517.0000,0.0000E+000
518.0000,0.0000E+000
519.0000,0.0000E+000
520.0000,0.0000E+000
521.0000,0.0000E+000
522.0000,0.0000E+000
523.0000,0.0000E+000
524.0000,0.0000E+000
525.0000,0.0000E+000
526.0000,0.0000E+000
527.0000,0.0000E+000
528.0000,0.0000E+000
529.0000,0.0000E+000
530.0000,0.0000E+000
531.0000,0.0000E+000
532.0000,0.0000E+000
533.0000,0.0000E+000
534.0000,0.0000E+000
535.0000,0.0000E+000
536.0000,0.0000E+000
537.0000,0.0000E+000
538.0000,0.0000E+000
539.0000,0.0000E+000
540.0000,0.0000E+000
541.0000,0.0000E+000
542.0000,0.0000E+000
543.0000,0.0000E+000
544.0000,0.0000E+000
545.0000,0.0000E+000
546.0000,0.0000E+000
547.0000,0.0000E+000
548.0000,0.0000E+000
549.0000,0.0000E+000
550.0000,0.0000E+000
551.0000,0.0000E+000
552.0000,0.0000E+000
553.0000,0.0000E+000
554.0000,0.0000E+000
555.0000,0.0000E+000
556.0000,0.0000E+000
557.0000,0.0000E+000
558.0000,0.0000E+000
559.0000,0.0000E+000
560.0000,0.0000E+000
561.0000,0.0000E+000
562.0000,0.0000E+000
563.0000,0.0000E+000
564.0000,0.0000E+000
565.0000,0.0000E+000
566.0000,0.0000E+000
567.0000,0.0000E+000
568.0000,0.0000E+000
569.0000,0.0000E+000
570.0000,0.0000E+000
571.0000,0.0000E+000
572.0000,0.0000E+000
573.0000,0.0000E+000
574.0000,0.0000E+000
575.0000,0.0000E+000
576.0000,0.0000E+000
577.0000,0.0000E+000
578.0000,0.0000E+000
579.0000,0.0000E+000
580.0000,0.0000E+000
581.0000,0.0000E+000
582.0000,0.0000E+000
583.0000,0.0000E+000
584.0000,0.0000E+000
585.0000,0.0000E+000
586.0000,0.0000E+000
587.0000,0.0000E+000
588.0000,0.0000E+000
589.0000,0.0000E+000
590.0000,0.0000E+000
591.0000,0.0000E+000
592.0000,0.0000E+000
593.0000,0.0000E+000
594.0000,0.0000E+000
595.0000,0.0000E+000
596.0000,0.0000E+000
597.0000,0.0000E+000
598.0000,0.0000E+000
599.0000,0.0000E+000
600.0000,0.0000E+000
601.0000,0.0000E+000
602.0000,0.0000E+000
603.0000,0.0000E+000
604.0000,0.0000E+000
605.0000,0.0000E+000
606.0000,0.0000E+000
607.0000,0.0000E+000
608.0000,0.0000E+000
609.0000,0.0000E+000
610.0000,0.0000E+000
611.0000,0.0000E+000
612.0000,0.0000E+000
613.0000,0.0000E+000
614.0000,0.0000E+000
615.0000,0.0000E+000
616.0000,0.0000E+000
617.0000,0.0000E+000
618.0000,0.0000E+000
619.0000,0.0000E+000
620.0000,0.0000E+000
621.0000,0.0000E+000
622.0000,0.0000E+000
623.0000,0.0000E+000
624.0000,0.0000E+000
625.0000,0.0000E+000
626.0000,0.0000E+000
627.0000,0.0000E+000
628.0000,0.0000E+000
629.0000,0.0000E+000
630.0000,0.0000E+000
631.0000,0.0000E+000
632.0000,0.0000E+000
633.0000,0.0000E+000
634.0000,0.0000E+000
635.0000,0.0000E+000
636.0000,0.0000E+000
637.0000,0.0000E+000
638.0000,0.0000E+000
639.0000,0.0000E+000
640.0000,0.0000E+000
641.0000,0.0000E+000
642.0000,0.0000E+000
643.0000,0.0000E+000
644.0000,0.0000E+000
645.0000,0.0000E+000
646.0000,0.0000E+000
647.0000,0.0000E+000
648.0000,0.0000E+000
649.0000,0.0000E+000
650.0000,0.0000E+000
651.0000,0.0000E+000
652.0000,0.0000E+000
653.0000,0.0000E+000
654.0000,0.0000E+000
655.0000,0.0000E+000
656.0000,0.0000E+000
657.0000,0.0000E+000
658.0000,0.0000E+000
659.0000,0.0000E+000
660.0000,0.0000E+000
661.0000,0.0000E+000
662.0000,0.0000E+000
663.0000,0.0000E+000
664.0000,0.0000E+000
665.0000,0.0000E+000
666.0000,0.0000E+000
667.0000,0.0000E+000
668.0000,0.0000E+000
669.0000,0.0000E+000
670.0000,0.0000E+000
671.0000,0.0000E+000
672.0000,0.0000E+000
673.0000,0.0000E+000
674.0000,0.0000E+000
675.0000,0.0000E+000
676.0000,0.0000E+000
677.0000,0.0000E+000
678.0000,0.0000E+000
679.0000,0.0000E+000
680.0000,0.0000E+000
681.0000,0.0000E+000
682.0000,0.0000E+000
683.0000,0.0000E+000
684.0000,0.0000E+000
685.0000,0.0000E+000
686.0000,0.0000E+000
687.0000,0.0000E+000
688.0000,0.0000E+000
689.0000,0.0000E+000
690.0000,0.0000E+000
691.0000,0.0000E+000
692.0000,0.0000E+000
693.0000,0.0000E+000
694.0000,0.0000E+000
695.0000,0.0000E+000
696.0000,0.0000E+000
697.0000,0.0000E+000
698.0000,0.0000E+000
699.0000,0.0000E+000
700.0000,0.0000E+000
701.0000,0.0000E+000
702.0000,0.0000E+000
703.0000,0.0000E+000
704.0000,0.0000E+000
705.0000,0.0000E+000
706.0000,0.0000E+000
707.0000,0.0000E+000
708.0000,0.0000E+000
709.0000,0.0000E+000
710.0000,0.0000E+000
711.0000,0.0000E+000
712.0000,0.0000E+000
713.0000,0.0000E+000
714.0000,0.0000E+000
715.0000,0.0000E+000
716.0000,0.0000E+000
717.0000,0.0000E+000
718.0000,0.0000E+000
719.0000,0.0000E+000
720.0000,0.0000E+000
721.0000,0.0000E+000
722.0000,0.0000E+000
723.0000,0.0000E+000
724.0000,0.0000E+000
725.0000,0.0000E+000
726.0000,0.0000E+000
727.0000,0.0000E+000
728.0000,0.0000E+000
729.0000,0.0000E+000
730.0000,0.0000E+000
731.0000,0.0000E+000
732.0000,0.0000E+000
733.0000,0.0000E+000
734.0000,0.0000E+000
735.0000,0.0000E+000
736.0000,0.0000E+000
737.0000,0.0000E+000
738.0000,0.0000E+000
739.0000,0.0000E+000
740.0000,0.0000E+000
741.0000,0.0000E+000
742.0000,0.0000E+000
743.0000,0.0000E+000
744.0000,0.0000E+000
745.0000,0.0000E+000
746.0000,0.0000E+000
747.0000,0.0000E+000
748.0000,0.0000E+000
749.0000,0.0000E+000
750.0000,0.0000E+000
751.0000,0.0000E+000
752.0000,0.0000E+000
753.0000,0.0000E+000
754.0000,0.0000E+000
755.0000,0.0000E+000
756.0000,0.0000E+000
757.0000,0.0000E+000
758.0000,0.0000E+000
759.0000,0.0000E+000
760.0000,0.0000E+000
761.0000,0.0000E+000
762.0000,0.0000E+000
763.0000,0.0000E+000
764.0000,0.0000E+000
765.0000,0.0000E+000
766.0000,0.0000E+000
767.0000,0.0000E+000
768.0000,0.0000E+000
769.0000,0.0000E+000
770.0000,0.0000E+000
771.0000,0.0000E+000
772.0000,0.0000E+000
773.0000,0.0000E+000
774.0000,0.0000E+000
775.0000,0.0000E+000
776.0000,0.0000E+000
777.0000,0.0000E+000
778.0000,0.0000E+000
779.0000,0.0000E+000
780.0000,0.0000E+000
781.0000,0.0000E+000
782.0000,0.0000E+000
783.0000,0.0000E+000
784.0000,0.0000E+000
785.0000,0.0000E+000
786.0000,0.0000E+000
787.0000,0.0000E+000
788.0000,0.0000E+000
789.0000,0.0000E+000
790.0000,0.0000E+000
791.0000,0.0000E+000
792.0000,0.0000E+000
793.0000,0.0000E+000
794.0000,0.0000E+000
795.0000,0.0000E+000
796.0000,0.0000E+000
797.0000,0.0000E+000
798.0000,0.0000E+000
799.0000,0.0000E+000
800.0000,0.0000E+000
801.0000,0.0000E+000
802.0000,0.0000E+000
803.0000,0.0000E+000
804.0000,0.0000E+000
805.0000,0.0000E+000
806.0000,0.0000E+000
807.0000,0.0000E+000
808.0000,0.0000E+000
809.0000,0.0000E+000
810.0000,0.0000E+000
811.0000,0.0000E+000
812.0000,0.0000E+000
813.0000,0.0000E+000
814.0000,0.0000E+000
815.0000,0.0000E+000
816.0000,0.0000E+000
817.0000,0.0000E+000
818.0000,0.0000E+000
819.0000,0.0000E+000
820.0000,0.0000E+000
821.0000,0.0000E+000
822.0000,0.0000E+000
823.0000,0.0000E+000
824.0000,0.0000E+000
825.0000,0.0000E+000
826.0000,0.0000E+000
827.0000,0.0000E+000
828.0000,0.0000E+000
829.0000,0.0000E+000
830.0000,0.0000E+000
831.0000,0.0000E+000
832.0000,0.0000E+000
833.0000,0.0000E+000
834.0000,0.0000E+000
835.0000,0.0000E+000
836.0000,0.0000E+000
837.0000,0.0000E+000
838.0000,0.0000E+000
839.0000,0.0000E+000
840.0000,0.0000E+000
841.0000,0.0000E+000
842.0000,0.0000E+000
843.0000,0.0000E+000
844.0000,0.0000E+000
845.0000,0.0000E+000
846.0000,0.0000E+000
847.0000,0.0000E+000
848.0000,0.0000E+000
849.0000,0.0000E+000
850.0000,0.0000E+000
851.0000,0.0000E+000
852.0000,0.0000E+000
853.0000,0.0000E+000
854.0000,0.0000E+000
855.0000,0.0000E+000
856.0000,0.0000E+000
857.0000,0.0000E+000
858.0000,0.0000E+000
859.0000,0.0000E+000
860.0000,0.0000E+000
861.0000,0.0000E+000
862.0000,0.0000E+000
863.0000,0.0000E+000
864.0000,0.0000E+000
865.0000,0.0000E+000
866.0000,0.0000E+000
867.0000,0.0000E+000
868.0000,0.0000E+000
869.0000,0.0000E+000
870.0000,0.0000E+000
871.0000,0.0000E+000
872.0000,0.0000E+000
873.0000,0.0000E+000
874.0000,0.0000E+000
875.0000,0.0000E+000
876.0000,0.0000E+000
877.0000,0.0000E+000
878.0000,0.0000E+000
879.0000,0.0000E+000
880.0000,0.0000E+000
881.0000,0.0000E+000
882.0000,0.0000E+000
883.0000,0.0000E+000
884.0000,0.0000E+000
885.0000,0.0000E+000
886.0000,0.0000E+000
887.0000,0.0000E+000
888.0000,0.0000E+000
889.0000,0.0000E+000
890.0000,0.0000E+000
891.0000,0.0000E+000
892.0000,0.0000E+000
893.0000,0.0000E+000
894.0000,0.0000E+000
895.0000,0.0000E+000
896.0000,0.0000E+000
897.0000,0.0000E+000
898.0000,0.0000E+000
899.0000,0.0000E+000
900.0000,0.0000E+000
901.0000,0.0000E+000
902.0000,0.0000E+000
903.0000,0.0000E+000
904.0000,0.0000E+000
905.0000,0.0000E+000
906.0000,0.0000E+000
907.0000,0.0000E+000
908.0000,0.0000E+000
909.0000,0.0000E+000
910.0000,0.0000E+000
911.0000,0.0000E+000
912.0000,0.0000E+000
913.0000,0.0000E+000
914.0000,0.0000E+000
915.0000,0.0000E+000
916.0000,0.0000E+000
917.0000,0.0000E+000
918.0000,0.0000E+000
919.0000,0.0000E+000
920.0000,0.0000E+000
921.0000,0.0000E+000
922.0000,0.0000E+000
923.0000,0.0000E+000
924.0000,0.0000E+000
925.0000,0.0000E+000
926.0000,0.0000E+000
927.0000,0.0000E+000
928.0000,0.0000E+000
929.0000,0.0000E+000
930.0000,0.0000E+000
931.0000,0.0000E+000
932.0000,0.0000E+000
933.0000,0.0000E+000
934.0000,0.0000E+000
935.0000,0.0000E+000
936.0000,0.0000E+000
937.0000,0.0000E+000
938.0000,0.0000E+000
939.0000,0.0000E+000
940.0000,0.0000E+000
941.0000,0.0000E+000
942.0000,0.0000E+000
943.0000,0.0000E+000
944.0000,0.0000E+000
945.0000,0.0000E+000
946.0000,0.0000E+000
947.0000,0.0000E+000
948.0000,0.0000E+000
949.0000,0.0000E+000
950.0000,0.0000E+000
951.0000,0.0000E+000
952.0000,0.0000E+000
953.0000,0.0000E+000
954.0000,0.0000E+000
955.0000,0.0000E+000
956.0000,0.0000E+000
957.0000,0.0000E+000
958.0000,0.0000E+000
959.0000,0.0000E+000
960.0000,0.0000E+000
961.0000,0.0000E+000
962.0000,0.0000E+000
963.0000,0.0000E+000
964.0000,0.0000E+000
965.0000,0.0000E+000
966.0000,0.0000E+000
967.0000,0.0000E+000
968.0000,0.0000E+000
969.0000,0.0000E+000
970.0000,0.0000E+000
971.0000,0.0000E+000
972.0000,0.0000E+000
973.0000,0.0000E+000
974.0000,0.0000E+000
975.0000,0.0000E+000
976.0000,0.0000E+000
977.0000,0.0000E+000
978.0000,0.0000E+000
979.0000,0.0000E+000
980.0000,0.0000E+000
981.0000,0.0000E+000
982.0000,0.0000E+000
983.0000,0.0000E+000
984.0000,0.0000E+000
985.0000,0.0000E+000
986.0000,0.0000E+000
987.0000,0.0000E+000
988.0000,0.0000E+000
989.0000,0.0000E+000
990.0000,0.0000E+000
991.0000,0.0000E+000
992.0000,0.0000E+000
993.0000,0.0000E+000
994.0000,0.0000E+000
995.0000,0.0000E+000
996.0000,0.0000E+000
997.0000,0.0000E+000
998.0000,0.0000E+000
999.0000,0.0000E+000
1000.0000,0.0000E+000
1001.0000,0.0000E+000
1002.0000,0.0000E+000
1003.0000,0.0000E+000
1004.0000,0.0000E+000
1005.0000,0.0000E+000
1006.0000,0.0000E+000
1007.0000,0.0000E+000
1008.0000,0.0000E+000
1009.0000,0.0000E+000
1010.0000,0.0000E+000
1011.0000,0.0000E+000
1012.0000,0.0000E+000
1013.0000,0.0000E+000
1014.0000,0.0000E+000
1015.0000,0.0000E+000
1016.0000,0.0000E+000
1017.0000,0.0000E+000
1018.0000,0.0000E+000
1019.0000,0.0000E+000
1020.0000,0.0000E+000
1021.0000,0.0000E+000
1022.0000,0.0000E+000
1023.0000,0.0000E+000
1024.0000,0.0000E+000
1025.0000,0.0000E+000
1026.0000,0.0000E+000
1027.0000,0.0000E+000
1028.0000,0.0000E+000
1029.0000,0.0000E+000
1030.0000,0.0000E+000
1031.0000,0.0000E+000
1032.0000,0.0000E+000
1033.0000,0.0000E+000
1034.0000,0.0000E+000
1035.0000,0.0000E+000
1036.0000,0.0000E+000
1037.0000,0.0000E+000
1038.0000,0.0000E+000
1039.0000,0.0000E+000
1040.0000,0.0000E+000
1041.0000,0.0000E+000
1042.0000,0.0000E+000
1043.0000,0.0000E+000
1044.0000,0.0000E+000
1045.0000,0.0000E+000
1046.0000,0.0000E+000
1047.0000,0.0000E+000
1048.0000,0.0000E+000
1049.0000,0.0000E+000
1050.0000,0.0000E+000
1051.0000,0.0000E+000
1052.0000,0.0000E+000
1053.0000,0.0000E+000
1054.0000,0.0000E+000
1055.0000,0.0000E+000
1056.0000,0.0000E+000
1057.0000,0.0000E+000
1058.0000,0.0000E+000
1059.0000,0.0000E+000
1060.0000,0.0000E+000
1061.0000,0.0000E+000
1062.0000,0.0000E+000
1063.0000,0.0000E+000
1064.0000,0.0000E+000
1065.0000,0.0000E+000
1066.0000,0.0000E+000
1067.0000,0.0000E+000
1068.0000,0.0000E+000
1069.0000,0.0000E+000
1070.0000,0.0000E+000
1071.0000,0.0000E+000
1072.0000,0.0000E+000
1073.0000,0.0000E+000
1074.0000,0.0000E+000
1075.0000,0.0000E+000
1076.0000,0.0000E+000
1077.0000,0.0000E+000
1078.0000,0.0000E+000
1079.0000,0.0000E+000
1080.0000,0.0000E+000
1081.0000,0.0000E+000
1082.0000,0.0000E+000
1083.0000,0.0000E+000
1084.0000,0.0000E+000
1085.0000,0.0000E+000
1086.0000,0.0000E+000
1087.0000,0.0000E+000
1088.0000,0.0000E+000
1089.0000,0.0000E+000
1090.0000,0.0000E+000
1091.0000,0.0000E+000
1092.0000,0.0000E+000
1093.0000,0.0000E+000
1094.0000,0.0000E+000
1095.0000,0.0000E+000
1096.0000,0.0000E+000
1097.0000,0.0000E+000
1098.0000,0.0000E+000
1099.0000,0.0000E+000
1100.0000,0.0000E+000
1101.0000,0.0000E+000
1102.0000,0.0000E+000
1103.0000,0.0000E+000
1104.0000,0.0000E+000
1105.0000,0.0000E+000
1106.0000,0.0000E+000
1107.0000,0.0000E+000
1108.0000,0.0000E+000
1109.0000,0.0000E+000
1110.0000,0.0000E+000
1111.0000,0.0000E+000
1112.0000,0.0000E+000
1113.0000,0.0000E+000
1114.0000,0.0000E+000
1115.0000,0.0000E+000
1116.0000,0.0000E+000
1117.0000,0.0000E+000
1118.0000,0.0000E+000
1119.0000,0.0000E+000
1120.0000,0.0000E+000
1121.0000,0.0000E+000
1122.0000,0.0000E+000
1123.0000,0.0000E+000
1124.0000,0.0000E+000
1125.0000,0.0000E+000
1126.0000,0.0000E+000
1127.0000,0.0000E+000
1128.0000,0.0000E+000
1129.0000,0.0000E+000
1130.0000,0.0000E+000
1131.0000,0.0000E+000
1132.0000,0.0000E+000
1133.0000,0.0000E+000
1134.0000,0.0000E+000
1135.0000,0.0000E+000
1136.0000,0.0000E+000
1137.0000,0.0000E+000
1138.0000,0.0000E+000
1139.0000,0.0000E+000
1140.0000,0.0000E+000
1141.0000,0.0000E+000
1142.0000,0.0000E+000
1143.0000,0.0000E+000
1144.0000,0.0000E+000
1145.0000,0.0000E+000
1146.0000,0.0000E+000
1147.0000,0.0000E+000
1148.0000,0.0000E+000
1149.0000,0.0000E+000
1150.0000,0.0000E+000
1151.0000,0.0000E+000
1152.0000,0.0000E+000
1153.0000,0.0000E+000
1154.0000,0.0000E+000
1155.0000,0.0000E+000
1156.0000,0.0000E+000
1157.0000,0.0000E+000
1158.0000,0.0000E+000
1159.0000,1.5679E-005
1160.0000,1.5679E-005
1161.0000,1.5679E-005
1162.0000,2.8335E-003
1163.0000,2.1756E-002
1164.0000,4.3495E-002
1165.0000,6.7259E-002
1166.0000,7.9349E-002
1167.0000,8.4432E-002
1168.0000,8.5916E-002
1169.0000,8.5916E-002
1170.0000,8.5916E-002
1171.0000,8.5916E-002
1172.0000,8.5916E-002
1173.0000,8.5916E-002
1174.0000,8.5916E-002
1175.0000,8.1626E-002
1176.0000,7.5407E-002
1177.0000,7.5130E-002
1178.0000,8.2963E-002
1179.0000,8.5316E-002
1180.0000,8.5316E-002
1181.0000,8.5316E-002
1182.0000,8.5316E-002
1183.0000,8.5316E-002
1184.0000,7.7161E-002
1185.0000,6.8559E-002
1186.0000,6.1457E-002
1187.0000,5.5563E-002
1188.0000,5.1061E-002
1189.0000,5.0531E-002
1190.0000,4.4014E-002
1191.0000,3.2116E-002
1192.0000,1.2911E-002
1193.0000,0.0000E+000
1194.0000,0.0000E+000
1195.0000,0.0000E+000
1196.0000,0.0000E+000
1197.0000,0.0000E+000
1198.0000,0.0000E+000
1199.0000,0.0000E+000
1200.0000,0.0000E+000
1201.0000,0.0000E+000
1202.0000,0.0000E+000
1203.0000,0.0000E+000
1204.0000,0.0000E+000
1205.0000,0.0000E+000
1206.0000,0.0000E+000
1207.0000,0.0000E+000
1208.0000,0.0000E+000
1209.0000,0.0000E+000
1210.0000,0.0000E+000
1211.0000,0.0000E+000
1212.0000,0.0000E+000
1213.0000,0.0000E+000
1214.0000,0.0000E+000
1215.0000,0.0000E+000
1216.0000,0.0000E+000
1217.0000,0.0000E+000
1218.0000,0.0000E+000
1219.0000,0.0000E+000
1220.0000,0.0000E+000
1221.0000,0.0000E+000
1222.0000,0.0000E+000
1223.0000,0.0000E+000
1224.0000,0.0000E+000
1225.0000,0.0000E+000
1226.0000,0.0000E+000
1227.0000,0.0000E+000
1228.0000,0.0000E+000
1229.0000,0.0000E+000
1230.0000,0.0000E+000
1231.0000,0.0000E+000
1232.0000,0.0000E+000
1233.0000,0.0000E+000
1234.0000,0.0000E+000
1235.0000,0.0000E+000
1236.0000,0.0000E+000
1237.0000,0.0000E+000
1238.0000,0.0000E+000
1239.0000,0.0000E+000
1240.0000,0.0000E+000
1241.0000,0.0000E+000
1242.0000,0.0000E+000
1243.0000,0.0000E+000
1244.0000,0.0000E+000
1245.0000,0.0000E+000
1246.0000,0.0000E+000
1247.0000,0.0000E+000
1248.0000,0.0000E+000
1249.0000,0.0000E+000
1250.0000,0.0000E+000
1251.0000,0.0000E+000
1252.0000,0.0000E+000
1253.0000,0.0000E+000
1254.0000,0.0000E+000
1255.0000,0.0000E+000
1256.0000,0.0000E+000
1257.0000,0.0000E+000
1258.0000,0.0000E+000
1259.0000,0.0000E+000
1260.0000,0.0000E+000
1261.0000,0.0000E+000
1262.0000,0.0000E+000
1263.0000,0.0000E+000
1264.0000,0.0000E+000
1265.0000,0.0000E+000
1266.0000,0.0000E+000
1267.0000,0.0000E+000
1268.0000,0.0000E+000
1269.0000,0.0000E+000
1270.0000,0.0000E+000
1271.0000,0.0000E+000
1272.0000,0.0000E+000
1273.0000,0.0000E+000
1274.0000,0.0000E+000
1275.0000,0.0000E+000
1276.0000,0.0000E+000
1277.0000,0.0000E+000
1278.0000,0.0000E+000
1279.0000,0.0000E+000
1280.0000,0.0000E+000
1281.0000,0.0000E+000
1282.0000,0.0000E+000
1283.0000,0.0000E+000
1284.0000,0.0000E+000
1285.0000,0.0000E+000
1286.0000,0.0000E+000
1287.0000,0.0000E+000
1288.0000,0.0000E+000
1289.0000,0.0000E+000
1290.0000,0.0000E+000
1291.0000,0.0000E+000
1292.0000,0.0000E+000
1293.0000,0.0000E+000
1294.0000,0.0000E+000
1295.0000,0.0000E+000
1296.0000,0.0000E+000
1297.0000,0.0000E+000
1298.0000,0.0000E+000
1299.0000,0.0000E+000
1300.0000,0.0000E+000
1301.0000,0.0000E+000
1302.0000,0.0000E+000
1303.0000,0.0000E+000
1304.0000,0.0000E+000
1305.0000,0.0000E+000
1306.0000,0.0000E+000
1307.0000,0.0000E+000
1308.0000,0.0000E+000
1309.0000,0.0000E+000
1310.0000,0.0000E+000
1311.0000,0.0000E+000
1312.0000,0.0000E+000
1313.0000,0.0000E+000
1314.0000,0.0000E+000
1315.0000,0.0000E+000
1316.0000,0.0000E+000
1317.0000,0.0000E+000
1318.0000,0.0000E+000
1319.0000,0.0000E+000
1320.0000,0.0000E+000
1321.0000,0.0000E+000
1322.0000,0.0000E+000
1323.0000,0.0000E+000
1324.0000,0.0000E+000
1325.0000,0.0000E+000
1326.0000,0.0000E+000
1327.0000,0.0000E+000
1328.0000,0.0000E+000
1329.0000,0.0000E+000
1330.0000,0.0000E+000
1331.0000,0.0000E+000
1332.0000,0.0000E+000
1333.0000,0.0000E+000
1334.0000,0.0000E+000
1335.0000,0.0000E+000
1336.0000,0.0000E+000
1337.0000,0.0000E+000
1338.0000,0.0000E+000
1339.0000,0.0000E+000
1340.0000,0.0000E+000
1341.0000,0.0000E+000
1342.0000,0.0000E+000
1343.0000,0.0000E+000
1344.0000,0.0000E+000
1345.0000,0.0000E+000
1346.0000,0.0000E+000
1347.0000,0.0000E+000
1348.0000,0.0000E+000
1349.0000,0.0000E+000
1350.0000,0.0000E+000
1351.0000,0.0000E+000
1352.0000,0.0000E+000
1353.0000,0.0000E+000
1354.0000,0.0000E+000
1355.0000,0.0000E+000
1356.0000,0.0000E+000
1357.0000,0.0000E+000
1358.0000,0.0000E+000
1359.0000,0.0000E+000
1360.0000,0.0000E+000
1361.0000,0.0000E+000
1362.0000,0.0000E+000
1363.0000,0.0000E+000
1364.0000,0.0000E+000
1365.0000,0.0000E+000
1366.0000,0.0000E+000
1367.0000,0.0000E+000
1368.0000,0.0000E+000
1369.0000,0.0000E+000
1370.0000,0.0000E+000
1371.0000,0.0000E+000
1372.0000,0.0000E+000
1373.0000,0.0000E+000
1374.0000,0.0000E+000
1375.0000,0.0000E+000
1376.0000,0.0000E+000
1377.0000,0.0000E+000
1378.0000,0.0000E+000
1379.0000,0.0000E+000
1380.0000,0.0000E+000
1381.0000,0.0000E+000
1382.0000,0.0000E+000
1383.0000,0.0000E+000
1384.0000,0.0000E+000
1385.0000,0.0000E+000
1386.0000,0.0000E+000
1387.0000,0.0000E+000
1388.0000,0.0000E+000
1389.0000,0.0000E+000
1390.0000,0.0000E+000
1391.0000,0.0000E+000
1392.0000,0.0000E+000
1393.0000,0.0000E+000
1394.0000,0.0000E+000
1395.0000,0.0000E+000
1396.0000,0.0000E+000
1397.0000,0.0000E+000
1398.0000,0.0000E+000
1399.0000,0.0000E+000
1400.0000,0.0000E+000
1401.0000,0.0000E+000
1402.0000,0.0000E+000
1403.0000,0.0000E+000
1404.0000,0.0000E+000
1405.0000,0.0000E+000
1406.0000,0.0000E+000
1407.0000,0.0000E+000
1408.0000,0.0000E+000
1409.0000,0.0000E+000
1410.0000,0.0000E+000
1411.0000,0.0000E+000
1412.0000,0.0000E+000
1413.0000,0.0000E+000
1414.0000,4.1609E-006
1415.0000,4.1609E-006
1416.0000,4.1609E-006
1417.0000,8.0967E-003
1418.0000,1.3018E-002
1419.0000,1.3704E-002
1420.0000,1.4691E-002
1421.0000,1.6228E-002
1422.0000,1.6268E-002
1423.0000,2.0967E-002
1424.0000,2.6404E-002
1425.0000,2.6404E-002
1426.0000,2.6404E-002
1427.0000,2.6404E-002
1428.0000,2.6404E-002
1429.0000,2.6404E-002
1430.0000,2.6404E-002
1431.0000,2.6404E-002
1432.0000,2.6404E-002
1433.0000,2.6404E-002
1434.0000,2.6404E-002
1435.0000,2.6404E-002
1436.0000,2.6404E-002
1437.0000,2.6404E-002
1438.0000,2.6404E-002
1439.0000,2.6404E-002
1440.0000,2.6928E-002
1441.0000,2.6928E-002
1442.0000,2.6928E-002
1443.0000,2.6928E-002
1444.0000,2.6928E-002
1445.0000,2.6928E-002
1446.0000,2.6928E-002
1447.0000,2.6928E-002
1448.0000,2.6928E-002
1449.0000,2.6928E-002
1450.0000,2.6928E-002
1451.0000,2.6928E-002
1452.0000,2.6928E-002
1453.0000,2.6928E-002
1454.0000,3.9175E-002
1455.0000,5.2122E-002
1456.0000,5.5807E-002
1457.0000,5.5807E-002
1458.0000,5.5807E-002
1459.0000,5.5807E-002
1460.0000,5.5807E-002
1461.0000,5.5807E-002
1462.0000,5.5807E-002
1463.0000,5.6648E-002
1464.0000,5.8034E-002
1465.0000,5.8034E-002
1466.0000,5.8034E-002
1467.0000,5.8034E-002
1468.0000,5.8034E-002
1469.0000,5.8034E-002
1470.0000,5.8945E-002
1471.0000,5.9194E-002
1472.0000,5.9566E-002
1473.0000,6.1381E-002
1474.0000,6.2836E-002
1475.0000,6.2935E-002
1476.0000,6.2935E-002
1477.0000,6.2935E-002
1478.0000,6.9753E-002
1479.0000,8.9153E-002
1480.0000,1.0724E-001
1481.0000,1.1303E-001
1482.0000,1.1303E-001
1483.0000,1.1755E-001
1484.0000,1.2432E-001
1485.0000,1.2507E-001
1486.0000,1.2522E-001
1487.0000,1.3480E-001
1488.0000,1.5198E-001
1489.0000,1.5998E-001
1490.0000,1.6020E-001
1491.0000,1.6427E-001
1492.0000,1.7563E-001
1493.0000,1.8795E-001
1494.0000,1.9233E-001
1495.0000,1.9233E-001
1496.0000,1.9233E-001
1497.0000,1.9233E-001
1498.0000,1.9485E-001
1499.0000,2.1631E-001
1500.0000,2.4809E-001
1501.0000,2.7841E-001
1502.0000,2.9397E-001
1503.0000,2.9397E-001
1504.0000,2.9397E-001
1505.0000,2.9397E-001
1506.0000,2.9397E-001
1507.0000,2.9791E-001
1508.0000,3.0375E-001
1509.0000,3.1088E-001
1510.0000,3.1902E-001
1511.0000,3.2008E-001
1512.0000,3.2008E-001
1513.0000,3.2008E-001
1514.0000,3.2008E-001
1515.0000,3.2008E-001
1516.0000,3.2008E-001
1517.0000,3.2008E-001
1518.0000,3.2008E-001
1519.0000,3.2008E-001
1520.0000,3.2125E-001
1521.0000,3.2957E-001
1522.0000,3.4101E-001
1523.0000,3.5019E-001
1524.0000,3.6606E-001
1525.0000,3.8077E-001
1526.0000,3.8262E-001
1527.0000,3.8361E-001
1528.0000,3.8565E-001
1529.0000,3.9003E-001
1530.0000,3.9308E-001
1531.0000,3.9309E-001
1532.0000,3.9552E-001
1533.0000,3.9839E-001
1534.0000,4.0500E-001
1535.0000,4.2490E-001
1536.0000,4.5017E-001
1537.0000,4.6341E-001
1538.0000,4.6432E-001
1539.0000,4.6432E-001
1540.0000,4.6432E-001
1541.0000,4.6432E-001
1542.0000,4.6438E-001
1543.0000,4.6757E-001
1544.0000,4.7017E-001
1545.0000,4.7045E-001
1546.0000,4.7408E-001
1547.0000,4.9790E-001
1548.0000,5.1934E-001
1549.0000,5.2342E-001
1550.0000,5.2955E-001
1551.0000,5.3660E-001
1552.0000,5.3877E-001
1553.0000,5.3877E-001
1554.0000,5.3877E-001
1555.0000,5.3877E-001
1556.0000,5.3877E-001
1557.0000,5.3877E-001
1558.0000,5.2010E-001
1559.0000,4.8443E-001
1560.0000,4.4971E-001
1561.0000,4.1614E-001
1562.0000,3.9000E-001
1563.0000,3.6500E-001
1564.0000,3.4270E-001
1565.0000,3.1769E-001
1566.0000,2.8973E-001
1567.0000,2.6849E-001
1568.0000,2.5188E-001
1569.0000,2.3332E-001
1570.0000,2.1292E-001
1571.0000,1.9453E-001
1572.0000,1.7560E-001
1573.0000,1.5623E-001
1574.0000,1.3894E-001
1575.0000,1.2569E-001
1576.0000,1.1462E-001
1577.0000,1.0522E-001
1578.0000,9.4772E-002
1579.0000,8.6105E-002
1580.0000,7.8115E-002
1581.0000,7.1215E-002
1582.0000,6.3078E-002
1583.0000,5.4358E-002
1584.0000,4.8251E-002
1585.0000,4.0081E-002
1586.0000,3.3339E-002
1587.0000,1.3652E-002
1588.0000,0.0000E+000
1589.0000,0.0000E+000
1590.0000,0.0000E+000
1591.0000,0.0000E+000
1592.0000,0.0000E+000
1593.0000,0.0000E+000
1594.0000,0.0000E+000
1595.0000,0.0000E+000
1596.0000,0.0000E+000
1597.0000,0.0000E+000
1598.0000,0.0000E+000
1599.0000,0.0000E+000
1600.0000,0.0000E+000
1601.0000,0.0000E+000
1602.0000,0.0000E+000
1603.0000,0.0000E+000
1604.0000,0.0000E+000
1605.0000,0.0000E+000
1606.0000,0.0000E+000
1607.0000,0.0000E+000
1608.0000,0.0000E+000
1609.0000,0.0000E+000
1610.0000,0.0000E+000
1611.0000,0.0000E+000
1612.0000,0.0000E+000
1613.0000,0.0000E+000
1614.0000,0.0000E+000
1615.0000,0.0000E+000
1616.0000,0.0000E+000
1617.0000,0.0000E+000
1618.0000,0.0000E+000
1619.0000,0.0000E+000
1620.0000,0.0000E+000
1621.0000,0.0000E+000
1622.0000,0.0000E+000
1623.0000,0.0000E+000
1624.0000,0.0000E+000
1625.0000,0.0000E+000
1626.0000,0.0000E+000
1627.0000,0.0000E+000
1628.0000,0.0000E+000
1629.0000,0.0000E+000
1630.0000,0.0000E+000
1631.0000,0.0000E+000
1632.0000,0.0000E+000
1633.0000,0.0000E+000
1634.0000,0.0000E+000
1635.0000,0.0000E+000
1636.0000,0.0000E+000
1637.0000,0.0000E+000
1638.0000,0.0000E+000
1639.0000,0.0000E+000
1640.0000,0.0000E+000
1641.0000,0.0000E+000
1642.0000,0.0000E+000
1643.0000,0.0000E+000
1644.0000,0.0000E+000
1645.0000,0.0000E+000
1646.0000,0.0000E+000
1647.0000,0.0000E+000
1648.0000,0.0000E+000
1649.0000,0.0000E+000
1650.0000,0.0000E+000
1651.0000,0.0000E+000
1652.0000,0.0000E+000
1653.0000,0.0000E+000
1654.0000,0.0000E+000
1655.0000,0.0000E+000
1656.0000,0.0000E+000
1657.0000,0.0000E+000
1658.0000,0.0000E+000
1659.0000,0.0000E+000
1660.0000,0.0000E+000
1661.0000,0.0000E+000
1662.0000,0.0000E+000
1663.0000,0.0000E+000
1664.0000,0.0000E+000
1665.0000,0.0000E+000
1666.0000,0.0000E+000
1667.0000,0.0000E+000
1668.0000,0.0000E+000
1669.0000,0.0000E+000
1670.0000,0.0000E+000
1671.0000,0.0000E+000
1672.0000,0.0000E+000
1673.0000,0.0000E+000
1674.0000,0.0000E+000
1675.0000,0.0000E+000
1676.0000,0.0000E+000
1677.0000,0.0000E+000
1678.0000,0.0000E+000
1679.0000,0.0000E+000
1680.0000,0.0000E+000
1681.0000,0.0000E+000
1682.0000,0.0000E+000
1683.0000,0.0000E+000
1684.0000,0.0000E+000
1685.0000,0.0000E+000
1686.0000,0.0000E+000
1687.0000,0.0000E+000
1688.0000,0.0000E+000
1689.0000,0.0000E+000
1690.0000,0.0000E+000
1691.0000,0.0000E+000
1692.0000,0.0000E+000
1693.0000,0.0000E+000
1694.0000,0.0000E+000
1695.0000,0.0000E+000
1696.0000,0.0000E+000
1697.0000,0.0000E+000
1698.0000,0.0000E+000
1699.0000,0.0000E+000
1700.0000,0.0000E+000
1701.0000,0.0000E+000
1702.0000,0.0000E+000
1703.0000,0.0000E+000
1704.0000,0.0000E+000
1705.0000,0.0000E+000
1706.0000,0.0000E+000
1707.0000,0.0000E+000
1708.0000,0.0000E+000
1709.0000,0.0000E+000
1710.0000,0.0000E+000
1711.0000,0.0000E+000
1712.0000,0.0000E+000
1713.0000,0.0000E+000
1714.0000,0.0000E+000
1715.0000,0.0000E+000
1716.0000,0.0000E+000
1717.0000,0.0000E+000
1718.0000,0.0000E+000
1719.0000,0.0000E+000
1720.0000,0.0000E+000
1721.0000,0.0000E+000
1722.0000,0.0000E+000
1723.0000,0.0000E+000
1724.0000,0.0000E+000
1725.0000,0.0000E+000
1726.0000,0.0000E+000
1727.0000,0.0000E+000
1728.0000,0.0000E+000
1729.0000,0.0000E+000
1730.0000,0.0000E+000
1731.0000,0.0000E+000
1732.0000,0.0000E+000
1733.0000,0.0000E+000
1734.0000,0.0000E+000
1735.0000,0.0000E+000
1736.0000,0.0000E+000
1737.0000,0.0000E+000
1738.0000,0.0000E+000
1739.0000,0.0000E+000
1740.0000,0.0000E+000
1741.0000,0.0000E+000
1742.0000,0.0000E+000
1743.0000,0.0000E+000
1744.0000,0.0000E+000
1745.0000,0.0000E+000
1746.0000,0.0000E+000
1747.0000,0.0000E+000
1748.0000,0.0000E+000
1749.0000,0.0000E+000
1750.0000,0.0000E+000
1751.0000,0.0000E+000
1752.0000,0.0000E+000
1753.0000,0.0000E+000
1754.0000,0.0000E+000
1755.0000,0.0000E+000
1756.0000,0.0000E+000
1757.0000,0.0000E+000
1758.0000,0.0000E+000
1759.0000,0.0000E+000
1760.0000,0.0000E+000
1761.0000,0.0000E+000
1762.0000,0.0000E+000
1763.0000,0.0000E+000
1764.0000,0.0000E+000
1765.0000,0.0000E+000
1766.0000,0.0000E+000
1767.0000,0.0000E+000
1768.0000,0.0000E+000
1769.0000,0.0000E+000
1770.0000,0.0000E+000
1771.0000,0.0000E+000
1772.0000,0.0000E+000
1773.0000,0.0000E+000
1774.0000,0.0000E+000
1775.0000,0.0000E+000
1776.0000,0.0000E+000
1777.0000,0.0000E+000
1778.0000,0.0000E+000
1779.0000,0.0000E+000
1780.0000,0.0000E+000
1781.0000,0.0000E+000
1782.0000,0.0000E+000
1783.0000,0.0000E+000
1784.0000,0.0000E+000
1785.0000,0.0000E+000
1786.0000,0.0000E+000
1787.0000,0.0000E+000
1788.0000,0.0000E+000
1789.0000,0.0000E+000
1790.0000,0.0000E+000
1791.0000,0.0000E+000
1792.0000,0.0000E+000
1793.0000,0.0000E+000
1794.0000,0.0000E+000
1795.0000,0.0000E+000
1796.0000,0.0000E+000
1797.0000,0.0000E+000
1798.0000,0.0000E+000
1799.0000,0.0000E+000
1800.0000,0.0000E+000
1801.0000,0.0000E+000
1802.0000,0.0000E+000
1803.0000,0.0000E+000
1804.0000,0.0000E+000
1805.0000,0.0000E+000
1806.0000,0.0000E+000
1807.0000,0.0000E+000
1808.0000,0.0000E+000
1809.0000,0.0000E+000
1810.0000,0.0000E+000
1811.0000,0.0000E+000
1812.0000,0.0000E+000
1813.0000,0.0000E+000
1814.0000,0.0000E+000
1815.0000,0.0000E+000
1816.0000,0.0000E+000
1817.0000,0.0000E+000
1818.0000,0.0000E+000
1819.0000,0.0000E+000
1820.0000,0.0000E+000
1821.0000,0.0000E+000
1822.0000,0.0000E+000
1823.0000,0.0000E+000
1824.0000,0.0000E+000
1825.0000,0.0000E+000
1826.0000,0.0000E+000
1827.0000,0.0000E+000
1828.0000,0.0000E+000
1829.0000,0.0000E+000
1830.0000,0.0000E+000
1831.0000,0.0000E+000
1832.0000,0.0000E+000
1833.0000,0.0000E+000
1834.0000,0.0000E+000
1835.0000,0.0000E+000
1836.0000,0.0000E+000
1837.0000,0.0000E+000
1838.0000,0.0000E+000
1839.0000,0.0000E+000
1840.0000,0.0000E+000
1841.0000,0.0000E+000
1842.0000,0.0000E+000
1843.0000,0.0000E+000
1844.0000,0.0000E+000
1845.0000,0.0000E+000
1846.0000,0.0000E+000
1847.0000,0.0000E+000
1848.0000,0.0000E+000
1849.0000,0.0000E+000
1850.0000,0.0000E+000
1851.0000,0.0000E+000
1852.0000,0.0000E+000
1853.0000,0.0000E+000
1854.0000,0.0000E+000
1855.0000,0.0000E+000
1856.0000,0.0000E+000
1857.0000,0.0000E+000
1858.0000,0.0000E+000
1859.0000,0.0000E+000
1860.0000,0.0000E+000
1861.0000,0.0000E+000
1862.0000,0.0000E+000
1863.0000,0.0000E+000
1864.0000,0.0000E+000
1865.0000,0.0000E+000
1866.0000,0.0000E+000
1867.0000,0.0000E+000
1868.0000,0.0000E+000
1869.0000,0.0000E+000
1870.0000,0.0000E+000
1871.0000,0.0000E+000
1872.0000,0.0000E+000
1873.0000,0.0000E+000
1874.0000,0.0000E+000
1875.0000,0.0000E+000
1876.0000,0.0000E+000
1877.0000,0.0000E+000
1878.0000,0.0000E+000
1879.0000,0.0000E+000
1880.0000,0.0000E+000
1881.0000,0.0000E+000
1882.0000,0.0000E+000
1883.0000,0.0000E+000
1884.0000,0.0000E+000
1885.0000,0.0000E+000
1886.0000,0.0000E+000
1887.0000,0.0000E+000
1888.0000,0.0000E+000
1889.0000,0.0000E+000
1890.0000,0.0000E+000
1891.0000,0.0000E+000
1892.0000,0.0000E+000
1893.0000,0.0000E+000
1894.0000,0.0000E+000
1895.0000,0.0000E+000
1896.0000,0.0000E+000
1897.0000,0.0000E+000
1898.0000,0.0000E+000
1899.0000,0.0000E+000
1900.0000,0.0000E+000
1901.0000,0.0000E+000
1902.0000,0.0000E+000
1903.0000,0.0000E+000
1904.0000,0.0000E+000
1905.0000,0.0000E+000
1906.0000,0.0000E+000
1907.0000,0.0000E+000
1908.0000,0.0000E+000
1909.0000,0.0000E+000
1910.0000,0.0000E+000
1911.0000,0.0000E+000
1912.0000,0.0000E+000
1913.0000,0.0000E+000
1914.0000,0.0000E+000
1915.0000,0.0000E+000
1916.0000,0.0000E+000
1917.0000,0.0000E+000
1918.0000,0.0000E+000
1919.0000,0.0000E+000
1920.0000,0.0000E+000
1921.0000,0.0000E+000
1922.0000,0.0000E+000
1923.0000,0.0000E+000
1924.0000,0.0000E+000
1925.0000,0.0000E+000
1926.0000,0.0000E+000
1927.0000,0.0000E+000
1928.0000,0.0000E+000
1929.0000,0.0000E+000
1930.0000,0.0000E+000
1931.0000,0.0000E+000
1932.0000,0.0000E+000
1933.0000,0.0000E+000
1934.0000,0.0000E+000
1935.0000,0.0000E+000
1936.0000,0.0000E+000
1937.0000,0.0000E+000
1938.0000,0.0000E+000
1939.0000,0.0000E+000
1940.0000,0.0000E+000
1941.0000,0.0000E+000
1942.0000,0.0000E+000
1943.0000,0.0000E+000
1944.0000,0.0000E+000
1945.0000,0.0000E+000
1946.0000,0.0000E+000
1947.0000,0.0000E+000
1948.0000,0.0000E+000
1949.0000,0.0000E+000
1950.0000,0.0000E+000
1951.0000,0.0000E+000
1952.0000,0.0000E+000
1953.0000,0.0000E+000
1954.0000,0.0000E+000
1955.0000,0.0000E+000
1956.0000,0.0000E+000
1957.0000,0.0000E+000
1958.0000,0.0000E+000
1959.0000,0.0000E+000
1960.0000,0.0000E+000
1961.0000,0.0000E+000
1962.0000,0.0000E+000
1963.0000,0.0000E+000
1964.0000,0.0000E+000
1965.0000,0.0000E+000
1966.0000,0.0000E+000
1967.0000,0.0000E+000
1968.0000,0.0000E+000
1969.0000,0.0000E+000
1970.0000,0.0000E+000
1971.0000,0.0000E+000
1972.0000,0.0000E+000
1973.0000,0.0000E+000
1974.0000,0.0000E+000
1975.0000,0.0000E+000
1976.0000,0.0000E+000
1977.0000,0.0000E+000
1978.0000,0.0000E+000
1979.0000,0.0000E+000
1980.0000,0.0000E+000
1981.0000,0.0000E+000
1982.0000,0.0000E+000
1983.0000,0.0000E+000
1984.0000,0.0000E+000
1985.0000,0.0000E+000
1986.0000,0.0000E+000
1987.0000,0.0000E+000
1988.0000,0.0000E+000
1989.0000,0.0000E+000
1990.0000,0.0000E+000
1991.0000,0.0000E+000
1992.0000,0.0000E+000
1993.0000,0.0000E+000
1994.0000,0.0000E+000
1995.0000,0.0000E+000
1996.0000,0.0000E+000
1997.0000,0.0000E+000
1998.0000,0.0000E+000
1999.0000,0.0000E+000
2000.0000,0.0000E+000
2001.0000,0.0000E+000
2002.0000,0.0000E+000
2003.0000,0.0000E+000
2004.0000,0.0000E+000
2005.0000,0.0000E+000
2006.0000,0.0000E+000
2007.0000,0.0000E+000
2008.0000,0.0000E+000
2009.0000,0.0000E+000
2010.0000,0.0000E+000
2011.0000,0.0000E+000
2012.0000,0.0000E+000
2013.0000,0.0000E+000
2014.0000,0.0000E+000
2015.0000,0.0000E+000
2016.0000,0.0000E+000
2017.0000,0.0000E+000
2018.0000,0.0000E+000
2019.0000,0.0000E+000
2020.0000,0.0000E+000
2021.0000,0.0000E+000
2022.0000,0.0000E+000
2023.0000,0.0000E+000
2024.0000,0.0000E+000
2025.0000,0.0000E+000
2026.0000,0.0000E+000
2027.0000,0.0000E+000
2028.0000,0.0000E+000
2029.0000,0.0000E+000
2030.0000,0.0000E+000
2031.0000,0.0000E+000
2032.0000,0.0000E+000
2033.0000,0.0000E+000
2034.0000,0.0000E+000
2035.0000,0.0000E+000
2036.0000,0.0000E+000
2037.0000,0.0000E+000
2038.0000,0.0000E+000
2039.0000,0.0000E+000
2040.0000,0.0000E+000
2041.0000,0.0000E+000
2042.0000,0.0000E+000
2043.0000,0.0000E+000
2044.0000,0.0000E+000
2045.0000,0.0000E+000
2046.0000,0.0000E+000
2047.0000,0.0000E+000
2048.0000,0.0000E+000
2049.0000,0.0000E+000
2050.0000,0.0000E+000
2051.0000,0.0000E+000
2052.0000,0.0000E+000
2053.0000,0.0000E+000
2054.0000,0.0000E+000
2055.0000,0.0000E+000
2056.0000,0.0000E+000
2057.0000,0.0000E+000
2058.0000,0.0000E+000
2059.0000,0.0000E+000
2060.0000,0.0000E+000
2061.0000,0.0000E+000
2062.0000,0.0000E+000
2063.0000,0.0000E+000
2064.0000,0.0000E+000
2065.0000,0.0000E+000
2066.0000,0.0000E+000
2067.0000,0.0000E+000
2068.0000,0.0000E+000
2069.0000,0.0000E+000
2070.0000,0.0000E+000
2071.0000,0.0000E+000
2072.0000,0.0000E+000
2073.0000,0.0000E+000
2074.0000,0.0000E+000
2075.0000,0.0000E+000
2076.0000,0.0000E+000
2077.0000,0.0000E+000
2078.0000,0.0000E+000
2079.0000,0.0000E+000
2080.0000,0.0000E+000
2081.0000,0.0000E+000
2082.0000,0.0000E+000
2083.0000,0.0000E+000
2084.0000,0.0000E+000
2085.0000,0.0000E+000
2086.0000,0.0000E+000
2087.0000,0.0000E+000
2088.0000,0.0000E+000
2089.0000,0.0000E+000
2090.0000,0.0000E+000
2091.0000,0.0000E+000
2092.0000,0.0000E+000
2093.0000,0.0000E+000
2094.0000,0.0000E+000
2095.0000,0.0000E+000
2096.0000,0.0000E+000
2097.0000,0.0000E+000
2098.0000,0.0000E+000
2099.0000,0.0000E+000
2100.0000,0.0000E+000
2101.0000,0.0000E+000
2102.0000,0.0000E+000
2103.0000,0.0000E+000
2104.0000,0.0000E+000
2105.0000,0.0000E+000
2106.0000,0.0000E+000
2107.0000,0.0000E+000
2108.0000,0.0000E+000
2109.0000,0.0000E+000
2110.0000,0.0000E+000
2111.0000,0.0000E+000
2112.0000,0.0000E+000
2113.0000,0.0000E+000
2114.0000,0.0000E+000
2115.0000,0.0000E+000
2116.0000,0.0000E+000
2117.0000,0.0000E+000
2118.0000,0.0000E+000
2119.0000,0.0000E+000
2120.0000,0.0000E+000
2121.0000,0.0000E+000
2122.0000,0.0000E+000
2123.0000,0.0000E+000
2124.0000,0.0000E+000
2125.0000,0.0000E+000
2126.0000,0.0000E+000
2127.0000,0.0000E+000
2128.0000,0.0000E+000
2129.0000,0.0000E+000
2130.0000,0.0000E+000
2131.0000,0.0000E+000
2132.0000,0.0000E+000
2133.0000,0.0000E+000
2134.0000,0.0000E+000
2135.0000,0.0000E+000
2136.0000,0.0000E+000
2137.0000,0.0000E+000
2138.0000,0.0000E+000
2139.0000,0.0000E+000
2140.0000,0.0000E+000
2141.0000,0.0000E+000
2142.0000,0.0000E+000
2143.0000,0.0000E+000
2144.0000,0.0000E+000
2145.0000,0.0000E+000
2146.0000,0.0000E+000
2147.0000,0.0000E+000
2148.0000,0.0000E+000
2149.0000,0.0000E+000
2150.0000,0.0000E+000
2151.0000,0.0000E+000
2152.0000,0.0000E+000
2153.0000,0.0000E+000
2154.0000,0.0000E+000
2155.0000,0.0000E+000
2156.0000,0.0000E+000
2157.0000,0.0000E+000
2158.0000,0.0000E+000
2159.0000,0.0000E+000
2160.0000,0.0000E+000
2161.0000,0.0000E+000
2162.0000,0.0000E+000
2163.0000,0.0000E+000
2164.0000,4.2111E-004
2165.0000,4.2111E-004
2166.0000,4.2111E-004
2167.0000,4.2111E-004
2168.0000,4.2541E-003
2169.0000,3.2102E-002
2170.0000,3.4132E-002
2171.0000,4.2698E-002
2172.0000,6.1562E-002
2173.0000,7.2887E-002
2174.0000,7.5051E-002
2175.0000,7.5051E-002
2176.0000,7.5051E-002
2177.0000,7.5051E-002
2178.0000,7.5051E-002
2179.0000,7.5051E-002
2180.0000,7.5051E-002
2181.0000,7.5051E-002
2182.0000,7.5051E-002
2183.0000,7.5051E-002
2184.0000,7.5051E-002
2185.0000,7.5051E-002
2186.0000,7.5051E-002
2187.0000,7.5051E-002
2188.0000,7.5051E-002
2189.0000,7.5051E-002
2190.0000,7.5051E-002
2191.0000,7.5051E-002
2192.0000,7.5051E-002
