124.43822	-9.3517553	2.7201064	1.3373432	0.86861507	2008-01-31 00:00:00
154.19461	-12.678764	1.9250174	2.3257401	0.20929824	2008-02-01 00:00:00
150.33865	-12.718734	1.8002525	1.102828	0.13943423	2008-02-02 00:00:00
160.26692	-11.649815	1.8405565	1.1731924	0.00012950218	2008-02-03 00:00:00
159.21693	-9.4201415	1.9679256	0.9767747	0.3230121	2008-02-04 00:00:00
159.53389	-11.098704	1.919388	1.8160735	0.0036930503	2008-02-05 00:00:00
162.90434	-12.464301	1.7847636	2.7554839	0.054490282	2008-02-06 00:00:00
168.76298	-11.347886	1.9607085	3.2543299	0.27090827	2008-02-07 00:00:00
166.78372	-9.9142723	2.3579526	0.87112308	0.51416429	2008-02-08 00:00:00
129.68689	-7.5663399	3.2306202	0.28394603	0.69810078	2008-02-09 00:00:00
159.76037	-7.9412247	3.0563908	1.6859084	0.061723737	2008-02-10 00:00:00
171.9979	-8.444802	2.7621315	1.3322118	0.31825859	2008-02-11 00:00:00
116.38701	-9.6839688	2.757833	1.389607	0.98403268	2008-02-12 00:00:00
118.07375	-9.9053492	2.71033	0.81560459	0.96199144	2008-02-13 00:00:00
149.91442	-9.0998461	2.7336168	1.6875132	0.84193002	2008-02-14 00:00:00
119.83863	-10.341378	2.2829227	1.6567839	0.4983184	2008-02-15 00:00:00
186.94451	-10.987716	2.0592436	3.597041	0.30799676	2008-02-16 00:00:00
172.32957	-7.1686621	2.9139932	3.4602839	0.63233374	2008-02-17 00:00:00
173.00451	-3.3275505	3.8864727	2.9189664	0.54389453	2008-02-18 00:00:00
138.0591	-5.7828968	3.5639991	2.8488162	0.70431777	2008-02-19 00:00:00
175.13621	-11.474361	1.8996788	4.1992853	0.56153688	2008-02-20 00:00:00
196.72772	-10.764352	1.9877928	3.6748412	0.041831342	2008-02-21 00:00:00
200.29678	-10.108405	2.0866195	2.5990702	0.018284096	2008-02-22 00:00:00
202.82576	-9.1200778	2.3431612	3.0264461	0	2008-02-23 00:00:00
201.08435	-6.0885784	3.0350529	3.2509344	0.45794376	2008-02-24 00:00:00
155.64181	-4.5558013	3.9724961	1.0503719	0.96847748	2008-02-25 00:00:00
120.98825	-3.1119264	4.447844	0.44698492	0.95222628	2008-02-26 00:00:00
197.45417	-3.3946992	3.9982689	0.40489265	0.37623365	2008-02-27 00:00:00
212.54021	-3.9668328	3.5376079	3.2380787	0.13713106	2008-02-28 00:00:00
197.13817	-3.0072195	3.7554451	2.9315419	0.67325292	2008-02-29 00:00:00
183.86682	-2.5915647	4.1807178	2.2742113	0.41107269	2008-03-01 00:00:00
212.38822	-0.97281317	4.556964	3.3712072	0.15889727	2008-03-02 00:00:00
191.40102	-0.63890401	4.9224648	2.3237677	0.84173508	2008-03-03 00:00:00
222.63676	-4.5136292	3.1817192	2.4007018	0.15328247	2008-03-04 00:00:00
227.25723	-2.5699402	3.5690875	3.3273386	0.26952518	2008-03-05 00:00:00
204.20601	-0.69731647	4.1515203	2.8831284	0.56427596	2008-03-06 00:00:00
221.04348	-0.17093315	4.401032	1.4974544	0.39422472	2008-03-07 00:00:00
234.67327	-1.0053181	4.0284868	2.985064	0.033129772	2008-03-08 00:00:00
222.9965	1.7721464	5.0643595	3.388036	0.67353216	2008-03-09 00:00:00
176.55512	3.8444269	5.8429752	2.8751739	0.87807751	2008-03-10 00:00:00
224.70115	2.4234122	5.7555989	2.5246773	0.39835276	2008-03-11 00:00:00
195.28698	0.77889893	5.5219221	1.3086468	0.74652737	2008-03-12 00:00:00
202.71613	1.2329009	5.7398642	0.256436	0.96244053	2008-03-13 00:00:00
97.121058	-0.094736155	5.6703009	1.378982	0.96302563	2008-03-14 00:00:00
84.388125	-2.2156535	4.7064002	1.1216641	0.81482843	2008-03-15 00:00:00
221.44167	-3.3495489	3.7140758	3.802977	0.30233056	2008-03-16 00:00:00
246.7449	-1.0429736	4.4065922	3.5198185	0.11309658	2008-03-17 00:00:00
258.41856	0.49847611	4.4903344	3.4438314	0.23697821	2008-03-18 00:00:00
247.33171	1.5933214	5.167797	3.356347	0.12222287	2008-03-19 00:00:00
249.33863	2.8163395	5.4405258	3.2422539	0.39166272	2008-03-20 00:00:00
224.83767	4.0337566	6.0468842	4.4986721	0.68347128	2008-03-21 00:00:00
210.15233	5.5893826	6.409899	5.1712131	0.69451472	2008-03-22 00:00:00
251.51531	5.8362573	6.4706075	3.108499	0.50261344	2008-03-23 00:00:00
257.44125	7.650635	6.3743624	3.4686902	0.47293554	2008-03-24 00:00:00
256.85891	7.9297435	5.8636998	3.7204237	0.30170446	2008-03-25 00:00:00
260.55363	6.3053536	5.3914107	3.6136453	0.30551981	2008-03-26 00:00:00
245.65568	4.7372711	6.9074008	0.8438326	0.48970918	2008-03-27 00:00:00
193.83628	1.9817208	6.6643947	0.79532762	0.88541346	2008-03-28 00:00:00
241.42518	2.7015187	6.0310703	1.2900926	0.55576404	2008-03-29 00:00:00
267.41747	4.7143398	6.7534474	0.92577659	0.52919328	2008-03-30 00:00:00
211.43275	5.224365	7.1729471	1.2205753	0.52921818	2008-03-31 00:00:00
228.44452	4.4639449	6.570468	1.3447634	0.62236812	2008-04-01 00:00:00
242.15285	1.4513424	5.6561947	2.5687105	0.54602745	2008-04-02 00:00:00
264.44044	1.3733095	5.1834578	2.5783263	0.5914422	2008-04-03 00:00:00
227.72204	1.7748571	5.4961747	2.1587138	0.81534898	2008-04-04 00:00:00
232.11118	1.373947	5.9492189	1.4367181	0.61633823	2008-04-05 00:00:00
272.44427	3.0332573	5.905021	1.9357293	0.56179696	2008-04-06 00:00:00
224.54967	5.120305	7.2613692	1.8981656	0.68104281	2008-04-07 00:00:00
252.23575	4.6444411	7.5247002	0.32784226	0.63804859	2008-04-08 00:00:00
177.8922	1.9591018	6.5327196	0.51945199	0.86443204	2008-04-09 00:00:00
257.57953	2.6941136	5.7879978	2.9043559	0.39254566	2008-04-10 00:00:00
288.9477	4.8797418	6.009975	2.4158898	0.35871851	2008-04-11 00:00:00
249.83805	4.3033942	7.0403157	1.2916794	0.80420188	2008-04-12 00:00:00
266.51141	5.8342794	6.628988	1.1509072	0.236607	2008-04-13 00:00:00
273.1455	8.0776078	7.5088543	1.4323276	0.59562203	2008-04-14 00:00:00
284.40538	8.8141058	7.811776	2.2163299	0.54506755	2008-04-15 00:00:00
261.08031	9.375617	8.0839975	2.8341719	0.61739978	2008-04-16 00:00:00
227.01818	6.3078288	7.4527662	1.3104701	0.52607521	2008-04-17 00:00:00
292.12092	3.1070988	5.1480422	0.45533594	0.34976574	2008-04-18 00:00:00
204.99785	3.5557858	6.3610517	0.69055714	0.93199144	2008-04-19 00:00:00
202.95459	3.6296702	7.107459	0.78699347	0.71796611	2008-04-20 00:00:00
291.60538	6.7159701	6.9269246	2.2633507	0.30196799	2008-04-21 00:00:00
281.94205	8.3601132	7.2225789	2.246661	0.14372225	2008-04-22 00:00:00
281.78206	11.571627	7.1783488	2.8404398	0.6719452	2008-04-23 00:00:00
300.97769	12.830404	7.128715	3.043241	0.74319145	2008-04-24 00:00:00
270.07163	13.080829	7.0324384	2.8041757	0.68201219	2008-04-25 00:00:00
291.40984	12.808163	9.372068	0.78847254	0.547217	2008-04-26 00:00:00
309.7959	13.425759	8.3186547	1.2813202	0.51256647	2008-04-27 00:00:00
299.48061	12.266156	7.5202114	2.231146	0.44049441	2008-04-28 00:00:00
265.00734	11.184336	9.2469802	0.759589	0.65960104	2008-04-29 00:00:00
228.88562	8.1254669	9.5060245	1.1945383	0.75899834	2008-04-30 00:00:00
266.12395	7.4989383	8.7517294	0.74929199	0.69321947	2008-05-01 00:00:00
173.57143	5.1043376	8.2470515	0.89305968	0.92436793	2008-05-02 00:00:00
163.18165	4.0147699	7.7572079	0.472552	0.97498197	2008-05-03 00:00:00
205.56379	5.1208173	8.0668651	0.37345144	0.83872042	2008-05-04 00:00:00
260.84209	7.0492025	8.4895454	1.0010108	0.78612358	2008-05-05 00:00:00
233.04457	5.2663913	7.785273	0.39478242	0.85856362	2008-05-06 00:00:00
269.16007	2.4819106	6.202069	0.47693187	0.5766159	2008-05-07 00:00:00
266.46897	4.1900111	6.7129381	0.36163338	0.96829394	2008-05-08 00:00:00
155.92283	3.4106005	7.4432376	0.47382068	0.94364659	2008-05-09 00:00:00
245.73014	3.6003976	7.0305256	1.5360896	0.81918064	2008-05-10 00:00:00
282.78751	3.8945164	6.6730594	1.0968192	0.61437833	2008-05-11 00:00:00
230.82063	3.8253655	7.349915	1.1464264	0.79467576	2008-05-12 00:00:00
233.06512	3.1907794	6.9722613	1.0765123	0.64727883	2008-05-13 00:00:00
336.6915	5.4557659	5.3470935	0.94308585	0.096098276	2008-05-14 00:00:00
321.60463	8.9677281	6.937626	1.827051	0.50964239	2008-05-15 00:00:00
256.19618	7.9470308	9.1988325	0.99001505	0.60777252	2008-05-16 00:00:00
263.24642	8.2816018	9.7477069	0.17794064	0.76990837	2008-05-17 00:00:00
187.46075	7.8056818	9.9245788	1.2189122	0.92329824	2008-05-18 00:00:00
220.69213	8.4067048	10.031533	0.74197618	0.82701245	2008-05-19 00:00:00
223.9877	8.6692272	9.8619295	0.26177362	0.84665311	2008-05-20 00:00:00
284.22779	10.489099	9.1196593	0.50086425	0.43213284	2008-05-21 00:00:00
329.92604	11.316117	9.649099	0.37686359	0.096108754	2008-05-22 00:00:00
320.56024	12.95754	11.061739	0.36028706	0.57977525	2008-05-23 00:00:00
292.13292	13.293731	12.456528	0.49549535	0.76538373	2008-05-24 00:00:00
279.12339	13.982912	12.800831	0.57787046	0.86011096	2008-05-25 00:00:00
223.70126	11.231172	12.237703	0.87202755	0.9124726	2008-05-26 00:00:00
257.87126	9.2278818	10.232793	0.21709373	0.71947017	2008-05-27 00:00:00
241.77974	9.2319031	10.337126	0.80027537	0.77200146	2008-05-28 00:00:00
321.89962	10.044671	9.042922	1.5274103	0.52715258	2008-05-29 00:00:00
312.87154	7.2827234	7.7433707	1.2111551	0.50897548	2008-05-30 00:00:00
310.64949	8.2023799	8.4252362	0.94370825	0.39785495	2008-05-31 00:00:00
334.72449	11.348111	9.2071367	0.65241849	0.2938975	2008-06-01 00:00:00
305.53092	13.073852	9.0603844	1.5703188	0.43169914	2008-06-02 00:00:00
288.62103	10.525386	10.739955	1.1810745	0.76876693	2008-06-03 00:00:00
200.56985	8.8327129	10.397318	1.5968639	0.79718867	2008-06-04 00:00:00
320.90547	11.854938	10.615404	0.37759248	0.38705533	2008-06-05 00:00:00
328.45632	13.883751	11.356413	0.036097849	0.51039876	2008-06-06 00:00:00
227.93139	12.332196	12.806436	1.858954	0.82188277	2008-06-07 00:00:00
235.2616	10.963972	12.149568	1.2255378	0.79377456	2008-06-08 00:00:00
213.10653	9.5612955	11.275889	1.7296468	0.89311054	2008-06-09 00:00:00
224.93703	10.154022	11.300867	2.1490373	0.84100476	2008-06-10 00:00:00
247.3983	10.167417	11.546754	2.008435	0.82212687	2008-06-11 00:00:00
217.99909	9.9344006	10.813448	0.32757725	0.81968166	2008-06-12 00:00:00
281.56718	10.940533	10.303779	1.1979576	0.31687824	2008-06-13 00:00:00
321.27117	13.187546	11.282806	0.61042441	0.31855892	2008-06-14 00:00:00
212.37679	12.064684	12.879932	1.1977978	0.72083495	2008-06-15 00:00:00
249.06675	11.965212	12.738312	1.3745496	0.85062846	2008-06-16 00:00:00
220.27964	11.606083	12.939255	2.1288293	0.7898223	2008-06-17 00:00:00
183.24344	10.542578	11.594702	2.0972497	0.69947955	2008-06-18 00:00:00
296.1112	11.970931	10.929397	1.5109585	0.31042594	2008-06-19 00:00:00
274.38397	12.6848	12.552384	1.6510928	0.73432337	2008-06-20 00:00:00
244.33064	12.562423	13.26919	1.632649	0.87964639	2008-06-21 00:00:00
193.35051	10.899234	12.29216	1.9143709	0.94892329	2008-06-22 00:00:00
234.51053	10.260707	11.092038	1.7030528	0.79524298	2008-06-23 00:00:00
270.94361	11.357547	11.21951	1.4833964	0.60570285	2008-06-24 00:00:00
303.65304	12.939617	11.91877	1.4971195	0.40451752	2008-06-25 00:00:00
276.95177	14.078608	13.196327	1.3741905	0.49237473	2008-06-26 00:00:00
258.05247	15.205846	15.265974	1.4842848	0.76454143	2008-06-27 00:00:00
254.32252	14.675715	15.37328	2.0772002	0.85756029	2008-06-28 00:00:00
165.20645	13.47317	14.410213	2.0451393	0.9312452	2008-06-29 00:00:00
210.06636	11.977618	12.30551	2.0729502	0.83119327	2008-06-30 00:00:00
320.65867	11.641262	9.7711667	1.8408903	0.31480722	2008-07-01 00:00:00
296.86796	12.889595	11.987702	1.7292965	0.5653043	2008-07-02 00:00:00
190.80549	12.401226	12.901968	1.8717217	0.87675736	2008-07-03 00:00:00
231.04261	11.311757	11.342695	1.6592479	0.52894699	2008-07-04 00:00:00
320.38729	13.66102	12.351692	1.3212557	0.47692857	2008-07-05 00:00:00
276.02941	14.657005	14.480358	0.9145464	0.65927413	2008-07-06 00:00:00
171.47313	12.131498	12.604575	2.3767172	0.8698955	2008-07-07 00:00:00
115.79286	9.2944191	11.010421	1.5748019	0.9031595	2008-07-08 00:00:00
256.55156	12.763974	12.281616	1.1514996	0.5194309	2008-07-09 00:00:00
282.51667	15.646293	14.418669	0.91051556	0.58833094	2008-07-10 00:00:00
278.19956	15.81471	15.6476	1.5851564	0.57057477	2008-07-11 00:00:00
229.80925	15.657128	15.96166	2.1170979	0.77293125	2008-07-12 00:00:00
229.9509	15.70541	15.949261	2.0027544	0.57670749	2008-07-13 00:00:00
244.61229	15.526604	15.629064	2.0926243	0.6733223	2008-07-14 00:00:00
172.79788	12.941294	13.970673	2.3429479	0.96513914	2008-07-15 00:00:00
199.98479	13.873152	13.508486	1.8010396	0.61023439	2008-07-16 00:00:00
291.80526	16.110659	15.313298	1.0905629	0.52953242	2008-07-17 00:00:00
258.55226	16.883139	16.681411	1.6757534	0.70788496	2008-07-18 00:00:00
249.7959	16.679661	16.384135	1.9548792	0.74386144	2008-07-19 00:00:00
274.17552	17.336825	17.12142	2.0348674	0.6636095	2008-07-20 00:00:00
271.42907	16.838165	16.405054	1.976186	0.750053	2008-07-21 00:00:00
255.03026	16.752241	17.083837	1.5135322	0.6890621	2008-07-22 00:00:00
236.59746	16.379164	16.960241	1.8160392	0.73484608	2008-07-23 00:00:00
226.77457	16.953064	16.784797	1.4159024	0.52275047	2008-07-24 00:00:00
292.0328	18.635962	17.392219	0.82694038	0.47712603	2008-07-25 00:00:00
285.70375	18.748283	18.441789	0.99295109	0.38681036	2008-07-26 00:00:00
282.8884	18.913106	18.747651	1.1592751	0.59731931	2008-07-27 00:00:00
238.31171	18.340396	18.23569	2.0994504	0.54767626	2008-07-28 00:00:00
239.58583	17.737425	16.879215	2.3613458	0.44586104	2008-07-29 00:00:00
255.83263	17.24537	16.92194	2.4550774	0.50271443	2008-07-30 00:00:00
307.83078	17.333746	16.018287	2.3474006	0.36051325	2008-07-31 00:00:00
298.66899	17.671	16.815732	1.8628724	0.42719019	2008-08-01 00:00:00
285.90699	17.551307	16.824291	2.2419113	0.45138037	2008-08-02 00:00:00
254.66042	15.252885	15.445208	2.5233531	0.645647	2008-08-03 00:00:00
296.80295	16.536428	16.054427	1.8555094	0.43969796	2008-08-04 00:00:00
274.7151	16.865424	16.325218	2.0271531	0.35362212	2008-08-05 00:00:00
192.84192	16.872648	17.212687	2.3785309	0.78662536	2008-08-06 00:00:00
133.39531	15.522208	16.526826	2.466957	0.95361296	2008-08-07 00:00:00
146.15366	14.000288	15.138476	2.3348372	0.92475079	2008-08-08 00:00:00
175.51549	13.576712	14.363753	2.2867909	0.84724002	2008-08-09 00:00:00
181.79757	12.397212	13.153781	2.0363924	0.78892576	2008-08-10 00:00:00
272.84448	15.054662	14.852281	1.5541661	0.62730461	2008-08-11 00:00:00
224.37646	15.398296	15.98058	1.9124431	0.82294053	2008-08-12 00:00:00
234.22614	15.153446	14.26428	2.2658878	0.71202717	2008-08-13 00:00:00
277.29596	14.473564	11.249338	2.4811213	0.41489433	2008-08-14 00:00:00
292.97146	15.554999	11.633496	2.3593561	0.22036017	2008-08-15 00:00:00
270.00071	16.097967	12.583169	1.8946317	0.47091509	2008-08-16 00:00:00
250.18305	16.691677	15.388586	1.4240612	0.52073388	2008-08-17 00:00:00
234.57611	17.086115	16.109452	1.3471499	0.39483833	2008-08-18 00:00:00
269.50901	17.66095	15.675931	1.3271671	0.30194065	2008-08-19 00:00:00
245.35597	17.257626	14.853674	1.4729696	0.76156578	2008-08-20 00:00:00
257.81868	17.132712	14.725353	1.2841782	0.64015748	2008-08-21 00:00:00
253.60591	16.620884	14.736415	1.1169035	0.55084624	2008-08-22 00:00:00
245.57903	16.291628	14.915431	1.2744723	0.52288534	2008-08-23 00:00:00
210.13814	16.662804	14.828421	1.4823215	0.61168282	2008-08-24 00:00:00
268.28425	17.966276	12.850937	1.0600694	0.43212786	2008-08-25 00:00:00
267.40464	18.108874	14.00155	0.53510307	0.24367802	2008-08-26 00:00:00
219.18278	16.597299	15.886371	1.309563	0.4747704	2008-08-27 00:00:00
187.77576	15.639258	15.539685	1.403215	0.55331337	2008-08-28 00:00:00
254.30119	17.008039	15.584724	0.16511663	0.46122287	2008-08-29 00:00:00
264.49755	19.480152	12.502445	0.65638958	0.15038469	2008-08-30 00:00:00
264.76774	17.580939	15.284151	0.9118324	0.41641127	2008-08-31 00:00:00
191.53549	15.102095	14.746242	2.1227564	0.79744246	2008-09-01 00:00:00
187.02322	13.991542	14.568933	2.1251424	0.80062976	2008-09-02 00:00:00
234.1952	15.236046	14.255939	0.79127469	0.50381701	2008-09-03 00:00:00
217.19594	14.77646	14.703095	1.8503444	0.66763597	2008-09-04 00:00:00
237.57086	15.00824	14.454068	1.7514614	0.64903397	2008-09-05 00:00:00
171.4928	12.780627	13.426683	1.6482525	0.78732318	2008-09-06 00:00:00
141.67008	13.254756	13.342299	2.1107808	0.84245757	2008-09-07 00:00:00
203.78258	13.023755	12.902343	1.3026694	0.66839943	2008-09-08 00:00:00
226.91799	13.473839	12.640888	0.53023621	0.52495275	2008-09-09 00:00:00
190.75782	12.122532	12.599687	0.54094117	0.78197618	2008-09-10 00:00:00
202.84185	10.525633	10.940038	0.69114221	0.47642959	2008-09-11 00:00:00
239.7053	12.387126	10.156376	1.1557646	0.17464761	2008-09-12 00:00:00
244.40037	14.65046	10.250402	0.61807427	0.071071954	2008-09-13 00:00:00
214.94988	14.319674	11.859811	0.34609841	0.46553418	2008-09-14 00:00:00
215.80165	13.612834	12.853821	1.0984229	0.41528828	2008-09-15 00:00:00
206.00999	13.796241	13.33428	1.0634789	0.67590847	2008-09-16 00:00:00
187.99707	13.703036	13.452769	1.07771	0.64716682	2008-09-17 00:00:00
201.77553	14.426	12.954232	0.78151489	0.51401927	2008-09-18 00:00:00
205.94006	14.163285	13.147127	0.58671883	0.56207608	2008-09-19 00:00:00
190.86426	13.434555	12.327705	0.47590951	0.51165395	2008-09-20 00:00:00
209.20666	14.619564	12.256863	0.5471394	0.59101847	2008-09-21 00:00:00
206.80567	14.640669	12.983728	0.6899723	0.55418232	2008-09-22 00:00:00
211.57886	13.390093	11.154819	1.8455479	0.37035397	2008-09-23 00:00:00
183.46451	11.657536	10.805702	0.26072149	0.46058973	2008-09-24 00:00:00
131.36062	10.389496	11.026051	1.4334859	0.75240673	2008-09-25 00:00:00
148.72159	10.146759	11.228136	0.9783119	0.85628119	2008-09-26 00:00:00
105.04484	8.6338227	10.25563	0.89044177	0.99580573	2008-09-27 00:00:00
38.481998	6.9723867	9.3395985	1.2199486	0.91332914	2008-09-28 00:00:00
170.60298	8.0340802	8.6885943	0.71666279	0.46373885	2008-09-29 00:00:00
122.24561	7.9612539	9.4507179	1.3282659	0.78978988	2008-09-30 00:00:00
124.2513	6.8203835	8.8837859	0.88414869	0.58283793	2008-10-01 00:00:00
187.32163	7.9516447	8.4508173	0.58566305	0.47393573	2008-10-02 00:00:00
178.43277	8.3627492	9.1737256	1.4147304	0.54485254	2008-10-03 00:00:00
191.20863	9.9598445	9.4946931	0.46328804	0.623802	2008-10-04 00:00:00
177.96918	10.525298	9.7186393	0.43815492	0.3227094	2008-10-05 00:00:00
184.72668	12.122665	9.654662	0.84884436	0.16558355	2008-10-06 00:00:00
183.97435	12.285218	9.5403298	0.97550621	0.34789671	2008-10-07 00:00:00
196.99504	10.552045	8.7104735	0.20649131	0.33780683	2008-10-08 00:00:00
166.67873	7.4525916	8.4067116	0.73884571	0.47644863	2008-10-09 00:00:00
189.27494	7.1325148	7.7528012	0.87782247	0.52757496	2008-10-10 00:00:00
148.39164	6.1034497	8.2343545	1.6958748	0.82395607	2008-10-11 00:00:00
140.94088	5.9303118	8.4072987	1.106551	0.83849142	2008-10-12 00:00:00
186.47162	9.4510662	8.5802233	2.1152964	0.19284841	2008-10-13 00:00:00
180.06175	11.487508	9.4468812	1.2909153	0.038071709	2008-10-14 00:00:00
181.23826	12.947928	10.214271	1.5009856	0.16792443	2008-10-15 00:00:00
162.92208	11.377573	9.1375247	1.9540704	0.25998751	2008-10-16 00:00:00
144.22883	8.6026544	8.801983	0.23742253	0.39834793	2008-10-17 00:00:00
138.5813	8.6245985	9.2347674	0.26380981	0.4687621	2008-10-18 00:00:00
139.34542	7.6555817	8.7440378	0.90684714	0.71975168	2008-10-19 00:00:00
150.02161	6.8011108	8.383807	0.83475247	0.58858733	2008-10-20 00:00:00
151.46539	6.874784	8.4521113	0.72161328	0.72498616	2008-10-21 00:00:00
79.252454	5.3530594	8.6726467	1.0984219	0.98124021	2008-10-22 00:00:00
80.404352	5.2400202	8.5904466	1.5076711	0.96589146	2008-10-23 00:00:00
96.462494	7.0282342	9.2560752	0.76251221	0.96064591	2008-10-24 00:00:00
115.4355	7.5076876	9.3948321	0.80268374	0.89161456	2008-10-25 00:00:00
74.009488	5.9321943	8.8680799	1.7601327	0.93126588	2008-10-26 00:00:00
81.192908	4.4879698	7.7628771	2.1408055	0.96603513	2008-10-27 00:00:00
81.300359	4.3834088	7.7732625	1.4416427	0.89519865	2008-10-28 00:00:00
102.72496	4.0811521	7.448159	1.8099112	0.79773292	2008-10-29 00:00:00
112.1519	3.5145689	6.91283	2.2326056	0.98066933	2008-10-30 00:00:00
134.74027	2.1679153	6.0477979	1.6869667	0.60317273	2008-10-31 00:00:00
138.92028	2.4077028	6.0508545	1.6557825	0.49645695	2008-11-01 00:00:00
136.18381	3.7673138	6.6394756	0.88600627	0.26136277	2008-11-02 00:00:00
126.85289	5.0172134	6.8672914	0.3289546	0.36985539	2008-11-03 00:00:00
120.30028	4.4875211	6.3675517	0.68723741	0.53193124	2008-11-04 00:00:00
122.03267	3.2565277	6.3326028	0.87840106	0.44554031	2008-11-05 00:00:00
114.10062	3.7956648	6.3377602	1.1331535	0.35218518	2008-11-06 00:00:00
120.92462	2.8850136	6.2514118	0.99414095	0.4901118	2008-11-07 00:00:00
95.874639	-0.1527149	5.5814517	1.5741039	0.82270045	2008-11-08 00:00:00
100.97476	-1.085987	5.1327405	2.3906229	0.80331584	2008-11-09 00:00:00
103.1233	-1.7629116	4.6696299	2.3897687	0.72656456	2008-11-10 00:00:00
114.91043	-0.96462851	4.9497775	1.8335209	0.55891714	2008-11-11 00:00:00
116.4431	-0.36475709	5.2953069	1.0295788	0.65900546	2008-11-12 00:00:00
109.0147	-0.40429323	5.4466012	0.84257055	0.84355025	2008-11-13 00:00:00
99.698545	0.11121709	5.4330485	0.87321701	0.97050494	2008-11-14 00:00:00
107.70947	0.4125409	5.2376427	0.86726506	0.58212605	2008-11-15 00:00:00
112.71916	-0.18349057	5.1908127	0.70754134	0.74447154	2008-11-16 00:00:00
110.93798	-0.06589541	4.8735061	0.71723336	0.30009008	2008-11-17 00:00:00
126.14279	1.2121476	4.8074129	2.6735361	0.24407405	2008-11-18 00:00:00
120.94459	2.663093	5.7061905	3.5901488	0.53114937	2008-11-19 00:00:00
67.837634	2.5289677	6.6314358	3.3422935	0.67996516	2008-11-20 00:00:00
95.773329	2.2091714	6.0701934	2.7048694	0.47317776	2008-11-21 00:00:00
105.26456	2.2277468	5.9544387	3.7546301	0.30442001	2008-11-22 00:00:00
102.69068	4.0188884	6.4161909	4.3208221	0.17704798	2008-11-23 00:00:00
117.8368	4.0493108	6.4458936	3.3471467	0.11359796	2008-11-24 00:00:00
106.77519	3.882187	6.5425205	1.337002	0.69207008	2008-11-25 00:00:00
103.84009	3.1423725	6.4711801	0.69885037	0.38008492	2008-11-26 00:00:00
110.63071	2.7135021	5.8566078	1.2863224	0.26302265	2008-11-27 00:00:00
102.46567	1.3601128	5.5557497	1.2120611	0.65915915	2008-11-28 00:00:00
68.121612	0.95790523	5.9321821	1.1763895	0.95997167	2008-11-29 00:00:00
107.0139	1.1233689	5.7805921	0.33484254	0.47618487	2008-11-30 00:00:00
96.454384	0.61535899	5.6876546	0.86440357	0.69265335	2008-12-01 00:00:00
112.34395	0.39236527	5.2826907	0.69554501	0.2547793	2008-12-02 00:00:00
113.14383	0.69491361	5.0330994	0.60970807	0.064193027	2008-12-03 00:00:00
112.526	2.3620066	5.2830314	0.3973636	0.0024491478	2008-12-04 00:00:00
112.95072	2.4976649	4.8988581	2.0548358	0.0097260922	2008-12-05 00:00:00
106.7228	3.0468878	4.8380541	0.9229071	0.75047365	2008-12-06 00:00:00
110.36699	2.2768117	4.706205	1.2366046	0.0023456376	2008-12-07 00:00:00
100.0908	1.1893734	4.1669899	2.8601016	0.25650075	2008-12-08 00:00:00
104.06986	1.0822381	4.1946084	3.1962292	0.51929682	2008-12-09 00:00:00
64.001498	-0.15295045	4.7748505	0.8860695	0.84603889	2008-12-10 00:00:00
93.126039	-4.9113256	3.1873164	0.73007281	0.47765566	2008-12-11 00:00:00
93.212528	-7.248314	2.7728803	0.61025706	0.2634814	2008-12-12 00:00:00
107.52695	-5.9767095	2.758943	1.9581434	0.070694307	2008-12-13 00:00:00
110.28631	-6.0472831	2.6036507	2.0788514	0.10184775	2008-12-14 00:00:00
68.368279	-7.6786743	2.9500209	1.0884214	0.81508375	2008-12-15 00:00:00
100.85047	-7.7214858	2.7856831	1.5509079	0.28054545	2008-12-16 00:00:00
67.273747	-7.1541193	3.1860286	1.3278318	0.68471767	2008-12-17 00:00:00
101.19863	-7.0778438	3.0635756	0.39851919	0.40941131	2008-12-18 00:00:00
102.38273	-7.0316448	2.825701	1.689902	0.58966394	2008-12-19 00:00:00
87.738519	-6.1945733	3.1599232	2.833356	0.45511701	2008-12-20 00:00:00
95.365344	-4.4375519	3.8580772	3.2551567	0.49293262	2008-12-21 00:00:00
74.918942	-3.4197336	4.3045261	2.4532581	0.94645258	2008-12-22 00:00:00
94.117319	-2.1431638	4.7252241	2.813259	0.58875244	2008-12-23 00:00:00
94.815319	-1.1756443	4.8110098	2.8271199	0.68062091	2008-12-24 00:00:00
95.862953	-4.4993836	3.5306215	3.3281926	0.34180059	2008-12-25 00:00:00
103.18645	-7.1086924	3.0055504	0.63110636	0.73070313	2008-12-26 00:00:00
100.842	-7.4565013	2.9947121	0.72827975	0.5609086	2008-12-27 00:00:00
99.767881	-9.2490395	2.4653145	1.2950389	0.79212979	2008-12-28 00:00:00
66.00805	-8.1339008	3.0538675	0.33153848	0.94111875	2008-12-29 00:00:00
66.989121	-9.1411021	2.846776	1.4423984	0.94164614	2008-12-30 00:00:00
46.87204	-9.5999835	2.7496678	1.9071297	0.99193597	2008-12-31 00:00:00
49.549277	-10.864258	2.3969172	2.6706102	0.91431337	2009-01-01 00:00:00
114.19587	-11.517623	1.8545862	2.5543121	0.13324574	2009-01-02 00:00:00
112.61894	-11.338992	1.9981532	3.7816164	0.32174045	2009-01-03 00:00:00
108.055	-8.1055137	2.6553641	3.3741224	0.73099319	2009-01-04 00:00:00
106.7425	-5.635	3.3431079	3.8527935	0.59489273	2009-01-05 00:00:00
105.21798	-4.3327756	3.8106405	3.3906362	0.64687282	2009-01-06 00:00:00
83.966089	-3.5012843	4.0939763	2.1067121	0.87456788	2009-01-07 00:00:00
83.794557	-5.1802828	3.7014463	1.3437155	0.49992533	2009-01-08 00:00:00
103.80853	-8.4651843	2.6331792	2.8999433	0.43267491	2009-01-09 00:00:00
120.84906	-11.706985	1.7331673	2.4112289	0.12261275	2009-01-10 00:00:00
112.9194	-10.790508	1.9357933	1.4202532	0.43610138	2009-01-11 00:00:00
119.01194	-8.8952141	2.0755264	1.2638083	0.38759193	2009-01-12 00:00:00
112.68665	-7.6450877	2.4878224	1.8575014	0.47679139	2009-01-13 00:00:00
116.81437	-7.2835713	2.683652	3.117597	0.31601618	2009-01-14 00:00:00
126.29253	-5.1916954	2.69932	2.6958152	0.31450836	2009-01-15 00:00:00
126.44612	-5.3831651	2.7931	2.8446139	0.18408514	2009-01-16 00:00:00
101.26943	-3.6674045	3.6337765	3.6639863	0.83870676	2009-01-17 00:00:00
114.16909	-3.5577361	3.8809659	1.9339016	0.56020623	2009-01-18 00:00:00
121.97892	-6.1465523	3.3949133	2.6968039	0.25460068	2009-01-19 00:00:00
130.03622	-7.1517543	2.9241996	2.7097889	0.40898201	2009-01-20 00:00:00
111.29608	-6.2714245	3.3700752	0.6818269	0.51038413	2009-01-21 00:00:00
132.13293	-5.8190619	2.9393847	0.44314412	0.093661718	2009-01-22 00:00:00
119.5728	-6.8021593	2.9898257	0.52144231	0.11713478	2009-01-23 00:00:00
133.94026	-7.9207312	2.6954809	2.0522743	0.73674195	2009-01-24 00:00:00
126.88731	-6.3822474	3.3111852	3.37944	0.55184762	2009-01-25 00:00:00
98.346049	-2.0691898	4.5365288	4.034862	0.84022098	2009-01-26 00:00:00
88.346622	-2.0945866	4.649235	2.7170285	0.86794869	2009-01-27 00:00:00
132.46826	-4.6697089	3.8261694	2.6629143	0.27353428	2009-01-28 00:00:00
139.22574	-4.3604748	3.7211225	3.330609	0.49082767	2009-01-29 00:00:00
109.56838	-3.6428671	4.1730784	2.8865702	0.67047159	2009-01-30 00:00:00
136.62845	-3.8910527	4.1351938	2.6286692	0.66370803	2009-01-31 00:00:00
138.68345	-4.2799552	4.0433288	1.3520432	0.73156517	2009-02-01 00:00:00
102.28555	-4.567406	4.0173999	0.59492182	0.62678495	2009-02-02 00:00:00
146.47863	-6.4257554	3.2093977	1.5083532	0.73375584	2009-02-03 00:00:00
153.35367	-6.7517783	3.0613587	1.9831296	0.50694584	2009-02-04 00:00:00
146.12581	-4.7519994	3.4357526	3.5934137	0.75106669	2009-02-05 00:00:00
157.16981	-3.2702364	3.8973659	3.090324	0.35407388	2009-02-06 00:00:00
156.78323	-2.9804425	4.0888524	2.8676327	0.51440053	2009-02-07 00:00:00
156.9516	-3.3120942	4.0508632	3.2189517	0.36591572	2009-02-08 00:00:00
116.48304	-1.1543547	5.0786978	3.6203572	0.85655171	2009-02-09 00:00:00
152.55339	0.23040155	5.3885203	2.668984	0.51156059	2009-02-10 00:00:00
95.542786	-2.301477	4.5700185	1.4912496	0.92585611	2009-02-11 00:00:00
176.85196	-2.8476438	3.7005033	3.3170333	0.42747822	2009-02-12 00:00:00
175.81073	-2.4524064	3.9392235	3.2671238	0.27906808	2009-02-13 00:00:00
175.132	-2.9472905	3.9635078	3.1616064	0.33569306	2009-02-14 00:00:00
177.36005	-2.4418726	4.1619734	3.0790022	0.22099138	2009-02-15 00:00:00
171.77934	-1.3132627	4.417057	3.205329	0.36718567	2009-02-16 00:00:00
159.01195	-2.5709209	4.3743207	2.1385918	0.4862072	2009-02-17 00:00:00
188.58623	-6.60012	2.6236952	2.1698456	0.14593988	2009-02-18 00:00:00
196.01188	-8.1249017	2.2766209	2.0672079	0.2008912	2009-02-19 00:00:00
166.58853	-5.4939896	3.2140485	1.6577773	0.90646499	2009-02-20 00:00:00
111.72665	-2.8084602	4.3575531	0.86789214	0.90718063	2009-02-21 00:00:00
77.0054	-4.5401242	3.9947927	0.99990925	0.99500699	2009-02-22 00:00:00
190.43373	-6.5110511	2.9786384	2.3417644	0.52378036	2009-02-23 00:00:00
194.74451	-6.3557614	2.9671788	2.5493356	0.32347947	2009-02-24 00:00:00
184.73146	-3.3516904	3.8071652	1.9740419	0.88607628	2009-02-25 00:00:00
149.77157	-2.5289	4.2921963	1.0926694	0.92603396	2009-02-26 00:00:00
125.30379	-1.9288561	4.7506071	1.1287426	0.90847532	2009-02-27 00:00:00
94.887018	-2.1081973	4.8412673	1.5652714	0.96527475	2009-02-28 00:00:00
179.55184	-3.9066283	4.0278262	1.4956939	0.81452772	2009-03-01 00:00:00
194.25651	-6.5465348	3.0017427	2.4208947	0.42533723	2009-03-02 00:00:00
133.43932	-7.1705194	3.0887579	1.3908066	0.61724559	2009-03-03 00:00:00
223.6626	-7.8520743	2.4422498	2.8707119	0.065919588	2009-03-04 00:00:00
229.81304	-8.5520437	2.3475128	2.499959	0.08311497	2009-03-05 00:00:00
188.39573	-4.8418917	3.3738401	3.5189672	0.71213333	2009-03-06 00:00:00
204.61888	0.36718541	4.7394087	3.7663049	0.74852057	2009-03-07 00:00:00
155.06369	2.3027003	5.5015833	3.2557494	0.86271899	2009-03-08 00:00:00
180.65788	3.6985871	6.5214271	3.6049263	0.9367804	2009-03-09 00:00:00
177.11733	0.30268494	4.8248941	2.2779754	0.52752662	2009-03-10 00:00:00
221.67442	-0.18940758	4.8454568	3.9899644	0.20943906	2009-03-11 00:00:00
223.66647	1.0529653	4.9027765	3.1585626	0.17031399	2009-03-12 00:00:00
232.35624	1.3889658	4.9720692	2.6675735	0.60971472	2009-03-13 00:00:00
113.1502	1.2155682	6.1229795	2.6523142	0.80106829	2009-03-14 00:00:00
198.83083	-2.2918987	4.6330704	0.83510777	0.73844053	2009-03-15 00:00:00
147.28198	-6.6024142	3.4461022	1.9077639	0.89610367	2009-03-16 00:00:00
226.90051	-7.5048502	2.845648	0.69379349	0.40374432	2009-03-17 00:00:00
253.99259	-7.4295665	2.7521993	1.8016951	0.46823303	2009-03-18 00:00:00
245.18354	-3.8376485	3.6515382	2.8145823	0.21041234	2009-03-19 00:00:00
240.14468	-1.8342301	4.3312705	2.0638424	0.56160408	2009-03-20 00:00:00
258.75602	-2.8307735	3.7571169	0.74570679	0.34579161	2009-03-21 00:00:00
263.83388	-2.9594451	3.4521656	1.491897	0.17054967	2009-03-22 00:00:00
260.22847	0.3472251	4.4838286	3.5802517	0.47315317	2009-03-23 00:00:00
153.40441	0.31519662	5.2151738	3.2290077	0.84971663	2009-03-24 00:00:00
275.90736	-2.2741642	3.4621472	2.9062723	0.075917095	2009-03-25 00:00:00
267.26192	-0.93705446	4.0036691	3.0317727	0.26590059	2009-03-26 00:00:00
265.41672	0.394852	4.1151542	2.5681524	0.54913364	2009-03-27 00:00:00
160.85469	0.42070372	5.3162205	1.1379528	0.94488037	2009-03-28 00:00:00
217.90975	-0.67205234	5.3580345	1.5369856	0.80734215	2009-03-29 00:00:00
160.00242	0.45475905	5.6483917	1.7168066	0.96775889	2009-03-30 00:00:00
277.85016	0.15682509	4.7119997	0.55785836	0.3431463	2009-03-31 00:00:00
232.75969	2.6362338	4.8982424	0.44577894	0.6291399	2009-04-01 00:00:00
267.62227	3.6041241	5.2176336	1.7266511	0.23470018	2009-04-02 00:00:00
168.65058	1.8873069	6.0946725	0.63101867	0.868183	2009-04-03 00:00:00
198.15738	-0.69241216	5.293483	1.0737938	0.97751631	2009-04-04 00:00:00
258.4258	1.4228271	5.017389	0.57029939	0.41773948	2009-04-05 00:00:00
282.87927	2.7194341	5.0068198	0.8029326	0.16190441	2009-04-06 00:00:00
243.37851	3.9569934	5.9180797	2.387373	0.35974039	2009-04-07 00:00:00
251.15473	2.9019289	5.7201479	1.0310596	0.70938555	2009-04-08 00:00:00
193.43436	-0.50283398	5.3732157	0.62796139	0.72296594	2009-04-09 00:00:00
296.22454	-1.0060734	3.8986067	1.4923814	0.30298796	2009-04-10 00:00:00
235.2172	-2.5639337	4.4286266	1.9093151	0.81135158	2009-04-11 00:00:00
226.80074	-3.9744715	4.0541747	2.1782397	0.81547846	2009-04-12 00:00:00
182.27024	-5.2971357	3.7325262	1.7270307	0.79209632	2009-04-13 00:00:00
316.87584	-1.8626125	3.7485827	2.187126	0.48180197	2009-04-14 00:00:00
180.0445	1.1253693	5.7210403	1.4731645	0.90604393	2009-04-15 00:00:00
177.77731	1.3687446	6.384068	0.28280574	0.96000984	2009-04-16 00:00:00
181.0421	1.1460699	6.0230657	1.9015087	0.98517103	2009-04-17 00:00:00
152.82124	0.40118693	6.033929	2.0773224	0.99534102	2009-04-18 00:00:00
224.13405	1.3763351	5.844663	0.98133771	0.60944265	2009-04-19 00:00:00
292.84763	2.3872736	5.1759928	1.3575399	0.2415704	2009-04-20 00:00:00
300.21805	3.5462064	5.2379057	1.8423428	0.19885465	2009-04-21 00:00:00
266.67621	3.0921055	6.2176729	1.5390876	0.58463995	2009-04-22 00:00:00
108.02856	-0.21472772	5.8586444	0.14827566	0.95598642	2009-04-23 00:00:00
237.43216	-0.59766873	5.4035701	1.4053939	0.70109377	2009-04-24 00:00:00
150.19288	-0.83647181	5.5548445	1.2717002	0.97236171	2009-04-25 00:00:00
183.27289	-0.59756437	5.4682509	1.4488243	0.89859114	2009-04-26 00:00:00
287.67667	0.4876762	5.6893053	1.4188062	0.7884492	2009-04-27 00:00:00
279.51497	2.6576763	6.2746455	0.76174064	0.93962691	2009-04-28 00:00:00
280.99032	5.291755	7.1530926	1.8143819	0.53489527	2009-04-29 00:00:00
299.13521	6.5955644	6.8434648	2.5969522	0.26368631	2009-04-30 00:00:00
294.12088	7.4863758	7.3480066	1.4175707	0.27445651	2009-05-01 00:00:00
301.64596	7.2336831	7.7563189	0.70240762	0.44574736	2009-05-02 00:00:00
272.59301	6.2455243	7.1133573	1.3459624	0.51621702	2009-05-03 00:00:00
304.07412	7.0929255	7.4268297	1.3486419	0.62494911	2009-05-04 00:00:00
213.49666	6.6958585	8.7606049	1.5715422	0.56363072	2009-05-05 00:00:00
277.24021	5.7552662	7.0014849	2.997037	0.37885155	2009-05-06 00:00:00
278.55777	5.8220006	7.2552121	2.0584772	0.49260042	2009-05-07 00:00:00
277.57711	5.5891297	7.2910334	1.0374944	0.51052978	2009-05-08 00:00:00
272.3964	5.3641868	7.707228	0.40137403	0.67473756	2009-05-09 00:00:00
192.25162	4.0186762	7.2925573	1.1275753	0.81861836	2009-05-10 00:00:00
224.57858	4.3440957	7.4715402	0.5652528	0.8252927	2009-05-11 00:00:00
256.57683	4.8903832	7.6706998	0.8884086	0.75253773	2009-05-12 00:00:00
320.54488	6.8115846	7.0390333	2.1423122	0.14716489	2009-05-13 00:00:00
325.70637	8.5452461	7.2923395	0.41291053	0.12336314	2009-05-14 00:00:00
325.67493	9.1521027	8.7673747	0.47977725	0.29769165	2009-05-15 00:00:00
265.24003	9.2039594	9.553791	1.0811829	0.57490234	2009-05-16 00:00:00
298.17726	9.5337963	9.1041068	0.78685019	0.36856398	2009-05-17 00:00:00
296.77753	10.451275	9.9011729	0.39820654	0.21038655	2009-05-18 00:00:00
321.60156	11.712302	9.2279599	0.3032656	0.12602544	2009-05-19 00:00:00
279.83062	10.564079	10.652718	0.76562097	0.61379613	2009-05-20 00:00:00
279.10286	10.857744	11.085227	0.51078864	0.89311866	2009-05-21 00:00:00
310.91705	12.431054	9.5798198	2.3816502	0.24827227	2009-05-22 00:00:00
305.90306	11.238749	9.7650002	0.75601695	0.3983801	2009-05-23 00:00:00
290.6483	10.279217	9.983483	0.15191665	0.603849	2009-05-24 00:00:00
166.16897	6.4970249	9.1057077	1.2760687	0.93676705	2009-05-25 00:00:00
139.95481	3.6031457	7.7304905	1.4716367	0.97259129	2009-05-26 00:00:00
240.07846	5.415406	8.3561091	1.0145243	0.83156183	2009-05-27 00:00:00
235.55822	7.4849849	9.3946777	1.0734472	0.75218256	2009-05-28 00:00:00
210.43462	7.4890451	8.9427255	0.47966523	0.64867003	2009-05-29 00:00:00
358.83879	9.1814896	6.3967506	0.35425837	0.00015335785	2009-05-30 00:00:00
328.80107	10.433729	7.9484192	1.4013378	0.20807003	2009-05-31 00:00:00
281.5317	8.672168	9.0486066	1.9304914	0.49751034	2009-06-01 00:00:00
236.93689	8.8059923	9.717218	1.3714166	0.62604942	2009-06-02 00:00:00
317.80498	11.38587	10.355353	0.68948263	0.43396401	2009-06-03 00:00:00
334.02528	14.145623	10.42899	1.5794544	0.37377365	2009-06-04 00:00:00
289.06742	14.043382	11.066389	1.2887147	0.4594179	2009-06-05 00:00:00
216.08796	10.356446	11.754344	1.9476449	0.86066086	2009-06-06 00:00:00
181.98827	8.9941845	10.449552	2.1743604	0.91838921	2009-06-07 00:00:00
173.81257	8.6130551	10.593739	1.4176259	0.92222285	2009-06-08 00:00:00
238.62685	9.7944544	10.997023	0.55258164	0.88139454	2009-06-09 00:00:00
211.01481	10.213034	11.193402	0.93075105	0.83733697	2009-06-10 00:00:00
207.43427	11.416324	11.989729	0.96131565	0.91291942	2009-06-11 00:00:00
312.14751	13.439656	12.349556	0.56311449	0.53473454	2009-06-12 00:00:00
301.34691	14.640978	13.202496	0.86348849	0.58835164	2009-06-13 00:00:00
267.31723	13.772718	13.402288	0.8927065	0.6643784	2009-06-14 00:00:00
239.94014	11.757792	12.60372	0.85276102	0.82665967	2009-06-15 00:00:00
254.00253	11.603731	12.378722	1.3133229	0.74325645	2009-06-16 00:00:00
242.6639	11.416021	12.082502	1.8502901	0.93123426	2009-06-17 00:00:00
177.23321	10.545762	11.82828	1.8728822	0.96087574	2009-06-18 00:00:00
153.90229	9.886266	11.748953	2.0803142	0.96975203	2009-06-19 00:00:00
177.38861	10.80502	12.11039	1.9471669	0.8596972	2009-06-20 00:00:00
245.78478	11.254018	11.602281	1.415693	0.86554794	2009-06-21 00:00:00
212.94194	12.052527	12.148573	0.57766571	0.69956429	2009-06-22 00:00:00
250.7794	12.985591	12.847022	0.84084456	0.59779414	2009-06-23 00:00:00
262.36415	14.22413	13.176128	1.3650839	0.49808343	2009-06-24 00:00:00
282.17575	14.525531	12.806118	0.96689216	0.47572597	2009-06-25 00:00:00
266.049	14.71543	13.418926	0.65079931	0.59016	2009-06-26 00:00:00
334.37229	16.558617	11.61582	0.8127335	0.44775477	2009-06-27 00:00:00
218.6151	12.757516	12.680128	1.3156765	0.75586353	2009-06-28 00:00:00
272.58273	13.705105	13.427696	1.1122536	0.48449364	2009-06-29 00:00:00
337.79806	16.401988	14.805555	0.44096741	0.35228953	2009-06-30 00:00:00
276.59773	14.873502	14.193693	1.5230756	0.43825826	2009-07-01 00:00:00
230.45549	12.906436	13.548902	1.9822845	0.70412749	2009-07-02 00:00:00
230.54271	12.891681	12.958557	1.9292587	0.74537999	2009-07-03 00:00:00
222.17022	12.761163	13.691232	1.1106725	0.7463984	2009-07-04 00:00:00
256.97252	12.862604	13.507066	0.56867527	0.75405569	2009-07-05 00:00:00
268.71201	12.950655	13.195854	0.6821679	0.63704602	2009-07-06 00:00:00
239.25118	12.944664	13.34212	1.8288811	0.68591338	2009-07-07 00:00:00
207.1143	13.564667	13.823669	1.9092801	0.80220996	2009-07-08 00:00:00
222.41989	13.442617	13.962253	1.418588	0.80899824	2009-07-09 00:00:00
273.47379	14.625957	14.613203	0.77337514	0.60197371	2009-07-10 00:00:00
272.81491	15.681995	15.622809	0.55342187	0.54474514	2009-07-11 00:00:00
295.15533	16.388805	15.866619	0.64841642	0.42653531	2009-07-12 00:00:00
313.54679	17.905722	16.958537	1.3897075	0.24440028	2009-07-13 00:00:00
294.74228	17.362792	15.946998	1.9915137	0.15008372	2009-07-14 00:00:00
312.26028	17.141948	13.972703	2.412505	0.12841655	2009-07-15 00:00:00
257.26984	16.806682	11.706892	3.1468412	0.22814928	2009-07-16 00:00:00
293.43161	16.814993	12.493757	2.6020013	0.15502551	2009-07-17 00:00:00
299.99316	16.898291	13.406472	1.513798	0.16911571	2009-07-18 00:00:00
309.09104	17.176367	13.876797	1.6030856	0.19669177	2009-07-19 00:00:00
286.7887	17.411842	14.066722	1.7754133	0.31493538	2009-07-20 00:00:00
275.5535	16.921297	14.362546	2.0540304	0.232417	2009-07-21 00:00:00
301.2235	16.319972	14.857735	2.0133649	0.28566824	2009-07-22 00:00:00
254.31589	15.194129	14.283292	2.2391512	0.40602584	2009-07-23 00:00:00
223.39757	14.539548	14.540611	2.0505291	0.63944606	2009-07-24 00:00:00
185.30527	14.053125	14.411716	2.2087622	0.81075634	2009-07-25 00:00:00
196.86292	14.496715	14.468166	1.6881335	0.61085064	2009-07-26 00:00:00
225.20192	15.142494	15.223071	1.3060735	0.65468662	2009-07-27 00:00:00
208.00649	13.273369	13.959666	1.8121565	0.8018437	2009-07-28 00:00:00
287.02956	11.561705	10.209928	1.6819389	0.28013311	2009-07-29 00:00:00
334.45525	12.90235	10.910655	1.1687175	0.22201275	2009-07-30 00:00:00
282.23831	13.737512	13.239403	2.076749	0.6044309	2009-07-31 00:00:00
199.40022	12.858007	13.58279	1.6821583	0.80236492	2009-08-01 00:00:00
191.06583	13.027304	13.744788	1.7555416	0.79372174	2009-08-02 00:00:00
190.01587	13.396577	14.04095	1.7596737	0.83540407	2009-08-03 00:00:00
180.46558	13.022624	13.896665	1.7458002	0.75153658	2009-08-04 00:00:00
268.69512	15.075197	14.241459	1.1197935	0.42940473	2009-08-05 00:00:00
276.99166	16.701241	15.102683	1.0917151	0.2960499	2009-08-06 00:00:00
260.75855	15.625892	15.184738	1.151405	0.44184022	2009-08-07 00:00:00
259.71299	14.53369	14.107596	0.60497538	0.61263422	2009-08-08 00:00:00
223.79801	11.857036	12.736646	0.96376137	0.72140794	2009-08-09 00:00:00
172.34713	9.6914569	10.266627	2.5026494	0.78333399	2009-08-10 00:00:00
132.52218	9.6184772	11.301714	2.0555228	0.92549128	2009-08-11 00:00:00
240.70813	12.649629	13.008651	1.1755859	0.68445839	2009-08-12 00:00:00
256.03715	13.856577	13.014731	1.8208502	0.47716601	2009-08-13 00:00:00
211.30643	13.497707	13.790543	2.1109725	0.72663409	2009-08-14 00:00:00
235.75996	14.100923	13.877998	1.9568712	0.78105924	2009-08-15 00:00:00
253.96555	14.603334	13.714818	2.1273989	0.57551554	2009-08-16 00:00:00
241.99712	14.582017	13.669882	2.0261307	0.53463097	2009-08-17 00:00:00
276.20058	14.899975	14.466951	1.3776875	0.41364358	2009-08-18 00:00:00
276.58272	15.863537	14.972997	1.4046573	0.49064586	2009-08-19 00:00:00
203.06964	14.79434	14.878772	1.6762811	0.79277374	2009-08-20 00:00:00
212.07099	13.18011	13.318575	1.5196199	0.72698541	2009-08-21 00:00:00
205.11337	11.147678	11.170849	1.8313875	0.75560654	2009-08-22 00:00:00
247.7864	10.595386	10.244999	1.570041	0.41328033	2009-08-23 00:00:00
294.73311	11.502729	11.158284	1.3710023	0.23487632	2009-08-24 00:00:00
278.49751	13.866607	12.730059	0.7316403	0.45794851	2009-08-25 00:00:00
187.5462	12.630657	12.58257	2.2116735	0.56486666	2009-08-26 00:00:00
180.49131	10.991371	11.752764	1.8019746	0.70832784	2009-08-27 00:00:00
217.61162	10.076296	11.181821	1.6512994	0.73447807	2009-08-28 00:00:00
240.16131	12.165341	12.186049	1.0547313	0.64712104	2009-08-29 00:00:00
247.33457	13.543842	12.997991	1.0294073	0.6999426	2009-08-30 00:00:00
184.28146	12.960153	13.235185	1.64917	0.80471778	2009-08-31 00:00:00
192.35197	12.643418	13.034885	1.8278877	0.74588258	2009-09-01 00:00:00
198.38119	12.602898	12.788711	1.7700727	0.715234	2009-09-02 00:00:00
220.39851	13.407875	13.122051	1.2907536	0.53391068	2009-09-03 00:00:00
248.14332	14.423949	13.731849	1.026147	0.40454483	2009-09-04 00:00:00
238.94018	14.677752	14.17201	1.027251	0.58139131	2009-09-05 00:00:00
208.30522	13.132882	12.96628	1.851708	0.60535873	2009-09-06 00:00:00
201.33617	11.400783	11.73565	2.1612959	0.6318449	2009-09-07 00:00:00
180.643	10.617357	11.436277	1.8062427	0.70865587	2009-09-08 00:00:00
212.54459	11.885218	12.595095	1.408526	0.75205611	2009-09-09 00:00:00
171.28935	10.390055	11.719645	1.948073	0.87653368	2009-09-10 00:00:00
182.85851	10.619278	11.194929	0.96428904	0.65722735	2009-09-11 00:00:00
218.71794	13.10368	11.764677	0.97963932	0.38920933	2009-09-12 00:00:00
208.45183	13.790427	12.047246	2.1913704	0.48954038	2009-09-13 00:00:00
216.07242	13.674451	12.35007	0.44314438	0.33084087	2009-09-14 00:00:00
171.30451	11.279149	12.119378	1.3267101	0.80027312	2009-09-15 00:00:00
85.179843	8.8579746	10.886286	1.7290981	0.94605156	2009-09-16 00:00:00
62.012719	7.2615209	9.7743076	1.7084942	0.9193574	2009-09-17 00:00:00
178.09354	9.810922	9.1430405	0.65067812	0.62266225	2009-09-18 00:00:00
151.01702	9.7639653	10.783522	0.8191673	0.82438855	2009-09-19 00:00:00
136.73312	9.4846496	10.884808	0.82274162	0.83996592	2009-09-20 00:00:00
147.32719	10.372713	11.181319	0.63637243	0.88549342	2009-09-21 00:00:00
167.07049	9.8832135	10.300796	1.45409	0.56682946	2009-09-22 00:00:00
169.80076	7.8936569	9.3298014	0.62513026	0.63441467	2009-09-23 00:00:00
163.7503	7.4409339	8.7151015	1.7608004	0.4812936	2009-09-24 00:00:00
191.78036	9.0876756	8.8801364	0.62605781	0.32439649	2009-09-25 00:00:00
204.90187	9.7005019	9.2816909	0.058449947	0.4176463	2009-09-26 00:00:00
137.75295	6.5345714	8.9700443	0.95850509	0.90450961	2009-09-27 00:00:00
97.56046	1.7468117	6.7014829	0.99786331	0.81693417	2009-09-28 00:00:00
196.94622	1.5484119	5.7750125	2.0710383	0.63952075	2009-09-29 00:00:00
219.00956	5.3028546	6.4500298	2.7497418	0.02307677	2009-09-30 00:00:00
193.39178	7.8050087	7.7142681	0.95412094	0.33434908	2009-10-01 00:00:00
214.9711	8.5025175	7.7106022	0.99160418	0.19001066	2009-10-02 00:00:00
212.42256	10.492273	8.0897925	0.89728081	0.021855477	2009-10-03 00:00:00
208.79788	11.458182	8.783328	0.4626988	0.17181351	2009-10-04 00:00:00
194.25946	10.925623	10.329747	0.37790835	0.54055672	2009-10-05 00:00:00
164.61251	9.8821732	10.376293	1.1057923	0.83067694	2009-10-06 00:00:00
117.21209	8.5074289	10.245271	1.7616082	0.86957897	2009-10-07 00:00:00
130.68151	8.0976513	9.7358935	1.7043914	0.83592073	2009-10-08 00:00:00
158.21188	8.9545182	9.4557288	0.54978812	0.7300207	2009-10-09 00:00:00
144.47827	8.8630686	10.042018	0.98243736	0.88837443	2009-10-10 00:00:00
113.15987	8.0665686	9.8754657	0.38634915	0.6251676	2009-10-11 00:00:00
182.37898	10.184029	9.2475994	1.3811285	0.18539044	2009-10-12 00:00:00
178.92871	11.20123	8.8076233	1.6861034	0.11398451	2009-10-13 00:00:00
185.07405	10.715158	7.5485996	2.2870374	0.020340439	2009-10-14 00:00:00
187.86272	11.194975	7.9841392	0.72342566	0.0028487683	2009-10-15 00:00:00
173.57074	10.245798	9.6586655	0.63693764	0.36390826	2009-10-16 00:00:00
171.08141	10.868127	9.1266677	0.12594052	0.27998871	2009-10-17 00:00:00
155.31305	9.2880843	9.4217312	0.94524767	0.43121257	2009-10-18 00:00:00
165.42284	8.6863788	9.0782359	0.73659062	0.37853779	2009-10-19 00:00:00
167.8191	9.418168	8.6600131	0.58947951	0.17466615	2009-10-20 00:00:00
167.10467	9.4641235	9.1457573	0.71962101	0.19585949	2009-10-21 00:00:00
150.74755	9.410116	9.5542182	0.34230676	0.55748279	2009-10-22 00:00:00
131.49767	8.4462435	9.5421315	0.92372525	0.80582437	2009-10-23 00:00:00
146.59637	8.6880551	8.7345358	0.86561529	0.34949616	2009-10-24 00:00:00
153.7832	9.3190871	8.310705	1.8449153	0.19359704	2009-10-25 00:00:00
136.124	7.8112491	8.0584024	0.087269231	0.17361131	2009-10-26 00:00:00
139.30919	5.7414696	8.0407379	0.78408849	0.58495933	2009-10-27 00:00:00
106.34347	5.9576903	8.2057782	0.62255891	0.93844147	2009-10-28 00:00:00
127.65467	7.3719867	8.402879	2.3622134	0.80160774	2009-10-29 00:00:00
99.082706	6.7120097	8.9070813	1.4576556	0.91949066	2009-10-30 00:00:00
83.6866	6.3562542	9.0610996	1.8124512	0.97144988	2009-10-31 00:00:00
65.092542	5.2919475	8.2886719	1.935971	0.97671598	2009-11-01 00:00:00
85.150866	6.1049639	8.4557178	2.8636295	0.92397787	2009-11-02 00:00:00
88.512715	3.5687806	6.861188	3.2903141	0.74048863	2009-11-03 00:00:00
124.84251	3.0239084	6.0329071	3.6149649	0.36700795	2009-11-04 00:00:00
131.74154	4.4516639	6.6523313	3.3384421	0.60965903	2009-11-05 00:00:00
136.01908	4.866273	6.7465585	1.0936913	0.15960714	2009-11-06 00:00:00
127.29717	4.5460747	7.1222479	0.65584308	0.81059446	2009-11-07 00:00:00
131.37977	5.5558832	7.1012961	0.8225286	0.57614294	2009-11-08 00:00:00
131.44607	6.0594617	7.1149064	1.0052665	0.54194881	2009-11-09 00:00:00
133.77077	5.8490182	7.1640834	0.48330147	0.28710965	2009-11-10 00:00:00
131.77687	5.3667289	7.3680801	1.0743902	0.21169073	2009-11-11 00:00:00
126.06924	5.1873453	7.035824	1.514702	0.16439758	2009-11-12 00:00:00
126.30597	5.8331165	7.227211	0.98803587	0.1711511	2009-11-13 00:00:00
89.346632	4.8673133	7.1017303	1.412152	0.76483606	2009-11-14 00:00:00
86.424429	4.0470358	7.4079423	1.6234309	0.79774574	2009-11-15 00:00:00
123.53582	2.1063665	5.3481602	1.6968166	0.54629652	2009-11-16 00:00:00
61.729934	0.96385722	5.9902472	2.307953	1	2009-11-17 00:00:00
38.04803	-0.22881132	5.8317104	2.7918795	0.9978891	2009-11-18 00:00:00
66.163451	0.92042587	5.849191	1.6337462	0.83858069	2009-11-19 00:00:00
108.16021	0.21732894	5.3435924	2.8416741	0.70801733	2009-11-20 00:00:00
75.727443	-2.6757822	4.4297009	2.06486	0.59935722	2009-11-21 00:00:00
115.65964	-2.8948598	3.9380456	2.6074005	0.54516305	2009-11-22 00:00:00
103.81854	-2.0713748	4.4206448	2.9312525	0.33006292	2009-11-23 00:00:00
118.03672	-0.61866122	4.4918167	2.0103662	0.30046641	2009-11-24 00:00:00
92.929677	-0.074369559	4.8379943	1.8351968	0.9725361	2009-11-25 00:00:00
68.910905	-1.723099	4.7607745	2.6148135	0.63639802	2009-11-26 00:00:00
116.57567	-3.4010539	3.420013	1.7877752	0.29649678	2009-11-27 00:00:00
118.31475	-1.7277087	3.7601039	1.0585418	0.20012487	2009-11-28 00:00:00
117.37826	-1.4965809	3.707437	1.930532	0.16195662	2009-11-29 00:00:00
93.440483	-2.0458133	3.7074434	0.19160818	0.83228236	2009-11-30 00:00:00
83.754779	-3.1195826	4.1341134	0.79686183	0.67616539	2009-12-01 00:00:00
110.35669	-1.9079174	3.7420701	1.0547202	0.24810734	2009-12-02 00:00:00
102.12343	-5.1744794	3.5342507	0.87200877	0.28661672	2009-12-03 00:00:00
110.42453	-4.5852579	3.344307	3.3853193	0.051905935	2009-12-04 00:00:00
109.18915	-2.6435467	3.9641952	2.605161	0.43204291	2009-12-05 00:00:00
88.325752	-1.1385687	4.6929599	0.62940072	0.93007612	2009-12-06 00:00:00
74.337136	-2.1749757	4.8648127	1.4392165	0.98952385	2009-12-07 00:00:00
49.89875	-3.6305771	4.4946117	1.9017615	0.99359295	2009-12-08 00:00:00
70.791253	-4.6651301	4.0641463	0.91255208	0.94220924	2009-12-09 00:00:00
89.286874	-3.7662815	4.2346144	1.7309877	0.50389699	2009-12-10 00:00:00
104.8678	-4.7626684	3.8129548	2.670657	0.45064782	2009-12-11 00:00:00
86.847233	-3.6603586	4.2285409	3.1661352	0.92438881	2009-12-12 00:00:00
94.460762	-1.4379914	4.8190342	4.0596357	0.62368499	2009-12-13 00:00:00
75.81827	-2.3970504	4.2505259	3.1712811	0.55962731	2009-12-14 00:00:00
106.54369	-5.6009806	3.0183091	3.40032	0.37460422	2009-12-15 00:00:00
98.860882	-4.0870962	3.5614553	3.6202083	0.63073813	2009-12-16 00:00:00
66.977572	-1.0584763	4.8433858	2.9317413	0.98324997	2009-12-17 00:00:00
63.207433	-0.7558772	5.1197071	2.7402591	0.8469655	2009-12-18 00:00:00
61.070479	-0.9582035	5.096192	3.5738662	0.62182821	2009-12-19 00:00:00
95.762387	0.54256096	5.2168786	3.450183	0.39296499	2009-12-20 00:00:00
91.679101	2.1581205	5.8970616	3.9176511	0.54315177	2009-12-21 00:00:00
91.256036	1.7398898	5.8365756	1.5935478	0.73965234	2009-12-22 00:00:00
57.640242	0.77313761	5.9927513	1.1449495	0.84265276	2009-12-23 00:00:00
92.264572	-0.29426081	5.3394912	2.0249599	0.35812201	2009-12-24 00:00:00
78.958504	-0.46053428	5.3922708	2.2127197	0.64991851	2009-12-25 00:00:00
99.654787	-1.1999482	5.0402868	2.7066426	0.69904196	2009-12-26 00:00:00
91.792524	0.72411327	5.6904148	2.3276892	0.46536084	2009-12-27 00:00:00
98.337104	0.93694234	5.6758585	3.380012	0.44870261	2009-12-28 00:00:00
94.446274	2.2926003	6.0946343	3.5514492	0.61514219	2009-12-29 00:00:00
43.025226	1.103387	6.1642921	0.97448505	0.98677768	2009-12-30 00:00:00
57.787871	-1.3954585	5.3404273	0.22856357	0.88849707	2009-12-31 00:00:00
