"",77.700
30.0000,0.0000E+000
31.0000,-7.8892E+001
32.0000,-7.0970E+001
33.0000,-6.4559E+001
34.0000,-5.1059E+001
35.0000,-6.4370E+001
36.0000,-8.0525E+001
37.0000,-7.8499E+001
38.0000,-5.2061E+001
39.0000,-3.8666E+001
40.0000,-4.4920E+001
41.0000,-4.5398E+001
42.0000,-5.1716E+001
43.0000,-5.0086E+001
44.0000,-4.9462E+001
45.0000,-5.5592E+001
46.0000,-7.6206E+001
47.0000,-5.1230E+001
48.0000,-2.6526E+001
49.0000,-3.8986E+001
50.0000,-8.6034E+001
51.0000,-7.4633E+001
52.0000,-5.9878E+001
53.0000,-5.7432E+001
54.0000,-4.1561E+001
55.0000,-2.3245E+001
56.0000,-1.6322E+001
57.0000,-1.7423E+001
58.0000,-3.0206E+001
59.0000,-2.3746E+001
60.0000,-1.9094E+001
61.0000,-1.5489E+001
62.0000,-1.1196E+001
63.0000,-2.9126E+001
64.0000,-2.3842E+001
65.0000,-1.3194E+001
66.0000,-7.9810E+000
67.0000,-1.5345E+001
68.0000,-3.9241E+000
69.0000,3.3326E+000
70.0000,-1.3999E+000
71.0000,-5.6397E+000
72.0000,-3.7487E+000
73.0000,-8.9621E+000
74.0000,-1.6212E+001
75.0000,-3.3079E+001
76.0000,-1.9271E+001
77.0000,-1.1594E+001
78.0000,-6.6493E+000
79.0000,-1.7039E+000
80.0000,3.4653E+000
81.0000,1.1542E+001
82.0000,7.8896E+000
83.0000,1.5421E+001
84.0000,1.7217E+001
85.0000,9.7793E+000
86.0000,2.7032E-001
87.0000,-4.7428E+000
88.0000,-3.3652E+000
89.0000,4.4382E-001
90.0000,1.1275E+000
91.0000,-2.7111E-002
92.0000,-1.1463E+001
93.0000,-1.1982E+001
94.0000,-9.5255E+000
95.0000,-9.7311E+000
96.0000,-5.2081E+000
97.0000,4.0907E-001
98.0000,-5.9687E-001
99.0000,-8.2534E+000
100.0000,-1.0280E+001
101.0000,-1.3041E+000
102.0000,-2.5400E+000
103.0000,2.9881E-001
104.0000,3.5866E+000
105.0000,6.8422E+000
106.0000,1.0246E+001
107.0000,2.1455E-001
108.0000,-7.8204E+000
109.0000,-7.1257E+000
110.0000,-7.5948E+000
111.0000,-5.3596E-001
112.0000,3.4445E+000
113.0000,1.4354E+001
114.0000,1.9451E+001
115.0000,1.8541E+001
116.0000,4.7825E+000
117.0000,8.0420E+000
118.0000,1.0261E+001
119.0000,2.3120E+000
120.0000,-1.2919E+000
121.0000,-3.6654E+000
122.0000,-1.2520E+001
123.0000,-1.6178E+001
124.0000,-1.2356E+001
125.0000,-7.5560E+000
126.0000,-1.4300E+001
127.0000,-2.4911E+001
128.0000,-1.8806E+001
129.0000,-2.2950E+001
130.0000,-2.2907E+001
131.0000,-2.3317E+001
132.0000,-2.4260E+001
133.0000,-2.6676E+001
134.0000,-1.6793E+001
135.0000,-7.0687E+000
136.0000,-1.0205E+001
137.0000,-9.5904E+000
138.0000,-1.3925E+001
139.0000,-1.1554E+001
140.0000,-1.0831E+001
141.0000,-6.2337E+000
142.0000,-5.1431E+000
143.0000,-2.6300E+000
144.0000,-4.0494E+000
145.0000,-4.3550E+000
146.0000,-1.5380E+001
147.0000,-2.2171E+001
148.0000,-2.2707E+001
149.0000,-2.1871E+001
150.0000,-3.2449E+001
151.0000,-2.6871E+001
152.0000,-1.4574E+001
153.0000,-1.0328E+001
154.0000,-2.2672E+001
155.0000,-3.0310E+001
156.0000,-1.4454E+001
157.0000,-9.0558E+000
158.0000,-2.0104E+001
159.0000,-2.4390E+001
160.0000,-3.1776E+001
161.0000,-2.9600E+001
162.0000,-2.8006E+001
163.0000,-2.3148E+001
164.0000,-1.8952E+001
165.0000,-1.1793E+001
166.0000,-1.8442E+001
167.0000,-1.9922E+001
168.0000,-2.4881E+001
169.0000,-2.8248E+001
170.0000,-1.8669E+001
171.0000,-1.6876E+001
172.0000,-1.8119E+001
173.0000,-2.6664E+001
174.0000,-2.7788E+001
175.0000,-2.1165E+001
176.0000,-1.4698E+001
177.0000,-1.2196E+001
178.0000,-9.6856E+000
179.0000,-1.4886E+001
180.0000,-1.9941E+001
181.0000,-2.5475E+001
182.0000,-2.5082E+001
183.0000,-1.9099E+001
184.0000,-2.1971E+001
185.0000,-2.5226E+001
186.0000,-1.4667E+001
187.0000,-1.1785E+001
188.0000,-2.7387E+001
189.0000,-3.2312E+001
190.0000,-1.5970E+001
191.0000,-7.3724E+000
192.0000,-1.0052E+001
193.0000,-1.3462E+001
194.0000,-1.3556E+001
195.0000,-1.4886E+001
196.0000,-2.6858E+001
197.0000,-1.9082E+001
198.0000,-9.2270E+000
199.0000,-9.3408E+000
200.0000,-1.2097E+001
201.0000,-1.0823E+001
202.0000,-1.3707E+001
203.0000,-1.3676E+001
204.0000,-1.6563E+001
205.0000,-1.3159E+001
206.0000,-6.9847E+000
207.0000,-8.3634E+000
208.0000,-9.7208E+000
209.0000,-1.5186E+001
210.0000,-1.8018E+001
211.0000,-1.9658E+001
212.0000,-1.8220E+001
213.0000,-1.5188E+001
214.0000,-1.7243E+001
215.0000,-2.8380E+001
216.0000,-1.9259E+001
217.0000,-1.8971E+001
218.0000,-1.9981E+001
219.0000,-2.5197E+001
220.0000,-2.7861E+001
221.0000,-2.7687E+001
222.0000,-2.9556E+001
223.0000,-1.3379E+001
224.0000,-1.8159E+001
225.0000,-2.0747E+001
226.0000,-2.2515E+001
227.0000,-1.8184E+001
228.0000,-1.3336E+001
229.0000,-1.1232E+001
230.0000,-1.0567E+001
231.0000,-9.2353E+000
232.0000,-1.1645E+001
233.0000,-1.1798E+001
234.0000,-1.2786E+001
235.0000,-1.5028E+001
236.0000,-1.4675E+001
237.0000,-8.9906E+000
238.0000,-8.3342E+000
239.0000,-1.5852E+001
240.0000,-1.9820E+001
241.0000,-1.1486E+001
242.0000,-4.9379E+000
243.0000,-1.2994E+001
244.0000,-2.7775E+001
245.0000,-3.2505E+001
246.0000,-2.0167E+001
247.0000,-2.3863E+001
248.0000,-2.2107E+001
249.0000,-2.8713E+001
250.0000,-2.8836E+001
251.0000,-2.4025E+001
252.0000,-1.9341E+001
253.0000,-2.4580E+001
254.0000,-2.6262E+001
255.0000,-2.0692E+001
256.0000,-1.3380E+001
257.0000,-1.4078E+001
258.0000,-1.2404E+001
259.0000,-1.6862E+001
260.0000,-1.6191E+001
261.0000,-1.1606E+001
262.0000,-1.2887E+001
263.0000,-1.5953E+001
264.0000,-1.5717E+001
265.0000,-1.6157E+001
266.0000,-1.5980E+001
267.0000,-1.9261E+001
268.0000,-2.9168E+001
269.0000,-2.7388E+001
270.0000,-2.9375E+001
271.0000,-4.6771E+001
272.0000,-2.2393E+001
273.0000,-3.8418E+001
274.0000,-3.9888E+001
275.0000,-3.3036E+001
276.0000,-3.8531E+001
277.0000,-2.4041E+001
278.0000,-1.7639E+001
279.0000,-1.0083E+001
280.0000,-9.8309E+000
281.0000,-2.0070E+001
282.0000,-2.5761E+001
283.0000,-2.2203E+001
284.0000,-3.8541E+001
285.0000,-3.6848E+001
286.0000,-1.6160E+001
287.0000,-1.1116E+001
288.0000,-7.1735E+000
289.0000,-1.5065E+001
290.0000,-2.3221E+001
291.0000,-1.5255E+001
292.0000,-2.3029E+001
293.0000,-2.5237E+001
294.0000,-2.8305E+001
295.0000,-3.0701E+001
296.0000,-3.9720E+001
297.0000,-2.8011E+001
298.0000,-2.6037E+001
299.0000,-2.9632E+001
300.0000,-3.2511E+001
301.0000,-4.0007E+001
302.0000,-4.2595E+001
303.0000,-3.4760E+001
304.0000,-4.0913E+001
305.0000,-3.4476E+001
306.0000,-2.9619E+001
307.0000,-2.6985E+001
308.0000,-2.2813E+001
309.0000,-3.1005E+001
310.0000,-2.0851E+001
311.0000,-3.0607E+001
312.0000,-4.8850E+001
313.0000,-5.5219E+001
314.0000,-5.7211E+001
315.0000,-4.9080E+001
316.0000,-4.7306E+001
317.0000,-2.7573E+001
318.0000,-3.3310E+001
319.0000,-2.9811E+001
320.0000,-3.2656E+001
321.0000,-3.1674E+001
322.0000,-2.4594E+001
323.0000,-3.5165E+001
324.0000,-4.1955E+001
325.0000,-3.6421E+001
326.0000,-4.0177E+001
327.0000,-4.1970E+001
328.0000,-2.9206E+001
329.0000,-2.3102E+001
330.0000,-2.5954E+001
331.0000,-2.9171E+001
332.0000,-2.6572E+001
333.0000,-2.9351E+001
334.0000,-2.8393E+001
335.0000,-2.8477E+001
336.0000,-3.0409E+001
337.0000,-1.9121E+001
338.0000,-1.6146E+001
339.0000,-1.7923E+001
340.0000,-9.2985E+000
341.0000,-1.8294E+001
342.0000,-2.5589E+001
343.0000,-4.2864E+001
344.0000,-3.0583E+001
345.0000,-4.9889E+001
346.0000,-5.0414E+001
347.0000,-5.2792E+001
348.0000,-6.0084E+001
349.0000,-6.5491E+001
350.0000,-7.3362E+001
351.0000,-7.2535E+001
352.0000,-5.8828E+001
353.0000,-5.2907E+001
354.0000,-4.7692E+001
355.0000,-6.5710E+001
356.0000,-4.9133E+001
357.0000,-3.6779E+001
358.0000,-2.2852E+001
359.0000,-6.4815E+001
360.0000,-4.6551E+001
361.0000,-4.6711E+001
362.0000,-6.8880E+001
363.0000,-4.4400E+001
364.0000,-6.1618E+001
365.0000,-7.2589E+001
366.0000,-7.4540E+001
367.0000,-9.7576E+001
368.0000,-9.9583E+001
369.0000,-7.5721E+001
370.0000,-6.5241E+001
371.0000,-5.7619E+001
372.0000,-4.3951E+001
373.0000,-5.2100E+001
374.0000,-8.2867E+001
375.0000,-9.6963E+001
376.0000,-8.1374E+001
377.0000,-6.8542E+001
378.0000,-6.4622E+001
379.0000,-7.2980E+001
380.0000,-5.5813E+001
381.0000,-5.7521E+001
382.0000,-5.3569E+001
383.0000,-4.0044E+001
384.0000,-5.9045E+001
385.0000,-6.4410E+001
386.0000,-4.6740E+001
387.0000,-4.3459E+001
388.0000,-4.8068E+001
389.0000,-6.1117E+001
390.0000,-6.3022E+001
391.0000,-4.1298E+001
392.0000,-3.2837E+001
393.0000,-4.5936E+001
394.0000,-4.8743E+001
395.0000,-4.1040E+001
396.0000,-4.0342E+001
397.0000,-3.5081E+001
398.0000,-3.3831E+001
399.0000,-4.5956E+001
400.0000,-5.0123E+001
401.0000,-5.0508E+001
402.0000,-3.7969E+001
403.0000,-3.4769E+001
404.0000,-3.8526E+001
405.0000,-2.8675E+001
406.0000,-1.7423E+001
407.0000,-2.4297E+001
408.0000,-3.6038E+001
409.0000,-3.3337E+001
410.0000,-3.5227E+001
411.0000,-3.1837E+001
412.0000,-2.6405E+001
413.0000,-2.7368E+001
414.0000,-4.7837E+001
415.0000,-5.5095E+001
416.0000,-3.8510E+001
417.0000,-2.3051E+001
418.0000,-3.0995E+001
419.0000,-4.7420E+001
420.0000,-4.7832E+001
421.0000,-2.8855E+001
422.0000,-2.1859E+001
423.0000,-1.9410E+001
424.0000,-2.1453E+001
425.0000,-2.9247E+001
426.0000,-4.7595E+001
427.0000,-4.4121E+001
428.0000,-5.7603E+001
429.0000,-5.8347E+001
430.0000,-4.4792E+001
431.0000,-1.6983E+001
432.0000,-6.5493E+000
433.0000,-1.2272E+000
434.0000,-1.3322E+001
435.0000,-2.1763E+001
436.0000,-1.2707E+001
437.0000,-1.0192E+001
438.0000,-1.1000E+001
439.0000,-2.0636E+001
440.0000,-4.5128E+001
441.0000,-4.3951E+001
442.0000,-4.8618E+001
443.0000,-3.6160E+001
444.0000,-2.2723E+001
445.0000,-2.3034E+001
446.0000,-2.5924E+001
447.0000,-1.8970E+001
448.0000,-1.7954E+001
449.0000,-2.9732E+001
450.0000,-2.3724E+001
451.0000,-1.5849E+001
452.0000,-1.2010E+001
453.0000,-1.7600E+001
454.0000,-1.3713E+001
455.0000,-1.2769E+001
456.0000,-4.8505E+000
457.0000,-3.6086E+000
458.0000,-7.9436E+000
459.0000,-1.8458E+001
460.0000,-1.0020E+001
461.0000,-6.5957E+000
462.0000,-4.9954E+000
463.0000,-6.5432E+000
464.0000,-1.8515E+001
465.0000,-2.2966E+001
466.0000,-3.2139E+001
467.0000,-4.0473E+001
468.0000,-4.4268E+001
469.0000,-2.9801E+001
470.0000,-1.4220E+001
471.0000,-1.1728E+001
472.0000,-1.6159E+001
473.0000,-2.0036E+001
474.0000,-1.3213E+001
475.0000,-1.0781E+001
476.0000,-8.0503E+000
477.0000,-9.4756E+000
478.0000,-1.9918E+001
479.0000,-2.4193E+001
480.0000,-2.4893E+001
481.0000,-2.4395E+001
482.0000,-2.0195E+001
483.0000,-1.1277E+001
484.0000,-4.8935E+000
485.0000,-1.7247E+000
486.0000,3.8287E-001
487.0000,-4.1003E-001
488.0000,-3.8602E+000
489.0000,-2.3892E+000
490.0000,-4.3720E+000
491.0000,-1.0272E+001
492.0000,-7.5215E+000
493.0000,-6.9146E+000
494.0000,-8.0258E+000
495.0000,-1.4667E+001
496.0000,-1.3142E+001
497.0000,-1.2730E+001
498.0000,-9.1737E+000
499.0000,-2.5247E+000
500.0000,-2.6502E+000
501.0000,-4.5042E+000
502.0000,-4.5566E+000
503.0000,-3.4037E+000
504.0000,-1.8335E+000
505.0000,-7.1041E+000
506.0000,-7.8046E+000
507.0000,-6.6345E+000
508.0000,-8.2797E+000
509.0000,-1.1916E+001
510.0000,-2.9334E+001
511.0000,-4.1804E+001
512.0000,-2.9752E+001
513.0000,-2.1130E+001
514.0000,-1.8769E+001
515.0000,-1.2495E+001
516.0000,-1.2070E+001
517.0000,-2.1814E+001
518.0000,-1.9601E+001
519.0000,-9.2849E+000
520.0000,-3.3598E+000
521.0000,-4.6759E+000
522.0000,-2.1217E+001
523.0000,-2.7108E+001
524.0000,-2.3900E+001
525.0000,-1.6356E+001
526.0000,-1.6167E+001
527.0000,-1.1599E+001
528.0000,-6.1631E+000
529.0000,-4.7819E+000
530.0000,-9.1939E+000
531.0000,-1.6771E+001
532.0000,-1.9269E+001
533.0000,-2.2458E+001
534.0000,-2.5581E+001
535.0000,-2.8001E+001
536.0000,-2.1748E+001
537.0000,-1.7636E+001
538.0000,-1.2703E+001
539.0000,-1.0782E+001
540.0000,-8.3165E+000
541.0000,-7.7734E+000
542.0000,-8.0032E+000
543.0000,-4.0674E+000
544.0000,-1.7723E+001
545.0000,-1.5613E+001
546.0000,-6.8019E+000
547.0000,-1.5346E+001
548.0000,-2.6172E+001
549.0000,-2.5308E+001
550.0000,-2.2484E+001
551.0000,-2.0724E+001
552.0000,-2.0626E+001
553.0000,-2.5325E+001
554.0000,-2.0772E+001
555.0000,-1.7717E+001
556.0000,-1.4585E+001
557.0000,-1.2121E+001
558.0000,-1.1558E+001
559.0000,-9.0083E+000
560.0000,-1.3599E+001
561.0000,-1.5969E+001
562.0000,-1.8041E+001
563.0000,-1.4797E+001
564.0000,-1.0839E+001
565.0000,-1.0829E+001
566.0000,-1.0832E+001
567.0000,-1.3839E+001
568.0000,-1.6394E+001
569.0000,-2.1835E+001
570.0000,-2.3344E+001
571.0000,-2.4951E+001
572.0000,-1.9251E+001
573.0000,-1.5372E+001
574.0000,-2.6207E+001
575.0000,-3.1568E+001
576.0000,-2.2111E+001
577.0000,-2.4038E+001
578.0000,-2.7222E+001
579.0000,-2.6261E+001
580.0000,-2.0240E+001
581.0000,-2.3303E+001
582.0000,-1.3820E+001
583.0000,-8.3843E+000
584.0000,-1.2163E+001
585.0000,-1.8985E+001
586.0000,-2.7326E+001
587.0000,-4.2124E+001
588.0000,-4.2145E+001
589.0000,-2.3587E+001
590.0000,-2.0739E+001
591.0000,-2.5149E+001
592.0000,-2.2141E+001
593.0000,-2.0823E+001
594.0000,-2.0667E+001
595.0000,-1.6994E+001
596.0000,-1.4750E+001
597.0000,-2.0585E+001
598.0000,-2.5217E+001
599.0000,-3.2646E+001
600.0000,-3.5106E+001
601.0000,-2.5805E+001
602.0000,-1.4659E+001
603.0000,-2.9937E+001
604.0000,-3.4160E+001
605.0000,-3.4090E+001
606.0000,-2.4930E+001
607.0000,-1.7965E+001
608.0000,-2.0295E+001
609.0000,-2.4807E+001
610.0000,-1.9137E+001
611.0000,-1.6111E+001
612.0000,-1.2579E+001
613.0000,-1.4456E+001
614.0000,-2.1101E+001
615.0000,-3.4178E+001
616.0000,-2.9353E+001
617.0000,-2.2300E+001
618.0000,-3.2966E+001
619.0000,-2.8191E+001
620.0000,-1.6985E+001
621.0000,-1.5794E+001
622.0000,-9.5921E+000
623.0000,-2.1322E+001
624.0000,-3.1509E+001
625.0000,-3.5404E+001
626.0000,-2.3270E+001
627.0000,-2.0150E+001
628.0000,-2.3375E+001
629.0000,-1.8112E+001
630.0000,-2.6933E+001
631.0000,-2.9100E+001
632.0000,-3.5974E+001
633.0000,-1.8449E+001
634.0000,-1.7502E+001
635.0000,-3.1098E+001
636.0000,-6.1250E+001
637.0000,-4.5078E+001
638.0000,-4.0122E+001
639.0000,-2.4477E+001
640.0000,-2.2672E+001
641.0000,-1.5388E+001
642.0000,-3.8972E+000
643.0000,-1.2124E+001
644.0000,-1.1564E+001
645.0000,-2.5767E+001
646.0000,-2.5175E+001
647.0000,-1.8466E+001
648.0000,-2.2740E+001
649.0000,-2.4391E+001
650.0000,-1.6689E+001
651.0000,-1.2979E+001
652.0000,-1.4891E+001
653.0000,-8.3212E+000
654.0000,-1.2425E+001
655.0000,-1.0654E+001
656.0000,-1.6064E+001
657.0000,-1.8809E+001
658.0000,-1.3719E+001
659.0000,-9.9466E+000
660.0000,-1.1622E+001
661.0000,-1.4775E+001
662.0000,-1.2781E+001
663.0000,-1.2341E+001
664.0000,-1.2196E+001
665.0000,-1.9499E+001
666.0000,-2.3353E+001
667.0000,-1.7718E+001
668.0000,-2.2276E+001
669.0000,-2.7790E+001
670.0000,-3.1688E+001
671.0000,-3.0520E+001
672.0000,-3.3354E+001
673.0000,-4.6088E+001
674.0000,-4.1395E+001
675.0000,-2.5744E+001
676.0000,-1.7887E+001
677.0000,-1.6972E+001
678.0000,-2.1218E+001
679.0000,-1.9430E+001
680.0000,-2.4251E+001
681.0000,-2.0987E+001
682.0000,-1.5550E+001
683.0000,-1.6013E+001
684.0000,-2.4710E+001
685.0000,-4.0361E+001
686.0000,-4.0941E+001
687.0000,-5.0906E+001
688.0000,-2.6485E+001
689.0000,-4.5750E+001
690.0000,-5.9869E+001
691.0000,-6.2453E+001
692.0000,-5.3425E+001
693.0000,-4.9627E+001
694.0000,-4.6584E+001
695.0000,-3.8195E+001
696.0000,-4.6901E+001
697.0000,-3.9617E+001
698.0000,-3.2258E+001
699.0000,-4.1675E+001
700.0000,-4.4133E+001
701.0000,-3.8691E+001
702.0000,-4.9613E+001
703.0000,-5.2159E+001
704.0000,-4.9776E+001
705.0000,-2.9194E+001
706.0000,-4.8244E+001
707.0000,-4.1171E+001
708.0000,-4.8667E+001
709.0000,-5.5996E+001
710.0000,-6.0805E+001
711.0000,-5.0203E+001
712.0000,-6.2989E+001
713.0000,-6.3045E+001
714.0000,-8.4784E+001
715.0000,-7.6224E+001
716.0000,-5.0423E+001
717.0000,-4.6661E+001
718.0000,-5.3698E+001
719.0000,-4.3071E+001
720.0000,-3.6065E+001
721.0000,-2.5607E+001
722.0000,-2.8061E+001
723.0000,-3.6591E+001
724.0000,-3.8074E+001
725.0000,-4.4741E+001
726.0000,-3.1849E+001
727.0000,-3.6444E+001
728.0000,-2.9393E+001
729.0000,-2.3579E+001
730.0000,-3.3186E+001
731.0000,-4.6966E+001
