"",77.700
30.0000,0.0000E+000
31.0000,-4.7401E+001
32.0000,-4.3653E+001
33.0000,-4.2066E+001
34.0000,-3.8137E+001
35.0000,-4.2750E+001
36.0000,-4.9890E+001
37.0000,-5.0746E+001
38.0000,-3.4722E+001
39.0000,-2.6241E+001
40.0000,-3.0544E+001
41.0000,-3.1383E+001
42.0000,-3.2180E+001
43.0000,-3.0867E+001
44.0000,-3.2308E+001
45.0000,-3.5943E+001
46.0000,-4.8932E+001
47.0000,-3.8444E+001
48.0000,-2.5622E+001
49.0000,-2.9149E+001
50.0000,-5.4868E+001
51.0000,-4.9220E+001
52.0000,-4.0731E+001
53.0000,-4.0287E+001
54.0000,-3.4055E+001
55.0000,-1.8110E+001
56.0000,-1.3745E+001
57.0000,-1.6167E+001
58.0000,-2.9091E+001
59.0000,-2.5342E+001
60.0000,-1.9405E+001
61.0000,-2.0361E+001
62.0000,-1.4058E+001
63.0000,-2.8239E+001
64.0000,-2.8947E+001
65.0000,-2.1297E+001
66.0000,-1.4030E+001
67.0000,-2.3248E+001
68.0000,-1.6089E+001
69.0000,-8.6733E+000
70.0000,-8.9846E+000
71.0000,-8.7045E+000
72.0000,-6.3340E+000
73.0000,-9.1274E+000
74.0000,-1.4726E+001
75.0000,-3.3165E+001
76.0000,-2.4859E+001
77.0000,-2.3097E+001
78.0000,-1.7400E+001
79.0000,-1.4426E+001
80.0000,-1.4285E+001
81.0000,-1.4275E+001
82.0000,-8.1485E+000
83.0000,-1.0075E+001
84.0000,-1.4726E+001
85.0000,-1.7791E+001
86.0000,-2.3238E+000
87.0000,-5.6924E+000
88.0000,-8.4655E+000
89.0000,-2.6459E+000
90.0000,-2.6979E+000
91.0000,-4.7596E+000
92.0000,-1.7134E+001
93.0000,-2.0312E+001
94.0000,-1.6573E+001
95.0000,-1.2537E+001
96.0000,-1.3105E+001
97.0000,-4.9883E+000
98.0000,-2.7603E+000
99.0000,-9.7204E+000
100.0000,-2.0323E+001
101.0000,-1.4271E+001
102.0000,-7.2485E+000
103.0000,-5.2353E+000
104.0000,-4.5971E+000
105.0000,-6.4451E+000
106.0000,-7.1285E+000
107.0000,-4.8492E+000
108.0000,-1.7830E+001
109.0000,-1.3359E+001
110.0000,-1.1122E+001
111.0000,-1.3527E+001
112.0000,-1.1535E+001
113.0000,-1.5016E+001
114.0000,-1.6593E+001
115.0000,-1.5972E+001
116.0000,-1.3356E+000
117.0000,-5.3563E+000
118.0000,-1.3609E+001
119.0000,-2.5570E+000
120.0000,-5.8798E+000
121.0000,-1.0237E+001
122.0000,-1.7046E+001
123.0000,-2.0012E+001
124.0000,-1.7678E+001
125.0000,-1.6104E+001
126.0000,-2.2211E+001
127.0000,-3.3142E+001
128.0000,-2.9428E+001
129.0000,-2.8031E+001
130.0000,-3.0937E+001
131.0000,-3.4894E+001
132.0000,-3.2132E+001
133.0000,-3.4549E+001
134.0000,-3.9019E+001
135.0000,-3.1933E+001
136.0000,-2.0509E+001
137.0000,-1.8178E+001
138.0000,-2.2372E+001
139.0000,-2.0732E+001
140.0000,-2.1314E+001
141.0000,-2.3213E+001
142.0000,-2.1806E+001
143.0000,-1.6463E+001
144.0000,-1.6873E+001
145.0000,-1.9261E+001
146.0000,-3.1475E+001
147.0000,-4.2839E+001
148.0000,-4.3342E+001
149.0000,-5.4564E+001
150.0000,-6.3884E+001
151.0000,-5.5302E+001
152.0000,-4.4994E+001
153.0000,-4.8370E+001
154.0000,-4.9660E+001
155.0000,-5.4778E+001
156.0000,-4.0733E+001
157.0000,-3.5785E+001
158.0000,-4.5817E+001
159.0000,-4.8492E+001
160.0000,-5.7836E+001
161.0000,-5.7733E+001
162.0000,-5.3073E+001
163.0000,-4.6204E+001
164.0000,-4.7064E+001
165.0000,-3.9397E+001
166.0000,-3.9756E+001
167.0000,-4.2988E+001
168.0000,-4.9391E+001
169.0000,-5.6274E+001
170.0000,-5.0398E+001
171.0000,-4.2710E+001
172.0000,-4.0525E+001
173.0000,-5.1558E+001
174.0000,-5.6337E+001
175.0000,-4.9812E+001
176.0000,-4.2845E+001
177.0000,-3.7876E+001
178.0000,-2.9325E+001
179.0000,-3.7602E+001
180.0000,-4.5001E+001
181.0000,-5.7824E+001
182.0000,-6.9640E+001
183.0000,-5.2451E+001
184.0000,-4.9855E+001
185.0000,-5.7613E+001
186.0000,-4.5073E+001
187.0000,-3.3865E+001
188.0000,-6.1531E+001
189.0000,-5.8608E+001
190.0000,-4.2176E+001
191.0000,-2.9189E+001
192.0000,-3.2553E+001
193.0000,-3.8781E+001
194.0000,-3.9311E+001
195.0000,-4.3039E+001
196.0000,-5.8735E+001
197.0000,-5.1468E+001
198.0000,-3.3168E+001
199.0000,-3.3327E+001
200.0000,-4.1016E+001
201.0000,-3.9196E+001
202.0000,-4.6459E+001
203.0000,-4.1277E+001
204.0000,-4.6599E+001
205.0000,-4.2924E+001
206.0000,-3.3611E+001
207.0000,-3.4381E+001
208.0000,-3.8518E+001
209.0000,-5.4030E+001
210.0000,-6.4901E+001
211.0000,-6.4302E+001
212.0000,-6.6673E+001
213.0000,-5.5299E+001
214.0000,-6.0844E+001
215.0000,-7.6211E+001
216.0000,-6.0447E+001
217.0000,-6.1471E+001
218.0000,-5.9313E+001
219.0000,-6.3442E+001
220.0000,-6.3706E+001
221.0000,-6.4232E+001
222.0000,-6.5423E+001
223.0000,-3.9244E+001
224.0000,-4.7764E+001
225.0000,-6.2880E+001
226.0000,-8.1052E+001
227.0000,-7.6808E+001
228.0000,-6.0295E+001
229.0000,-4.2768E+001
230.0000,-4.0147E+001
231.0000,-4.2540E+001
232.0000,-5.0981E+001
233.0000,-5.0502E+001
234.0000,-4.9003E+001
235.0000,-5.2073E+001
236.0000,-5.4982E+001
237.0000,-5.5779E+001
238.0000,-4.7871E+001
239.0000,-5.1825E+001
240.0000,-5.6306E+001
241.0000,-4.3053E+001
242.0000,-4.9909E+001
243.0000,-5.3816E+001
244.0000,-7.7502E+001
245.0000,-7.9363E+001
246.0000,-6.0298E+001
247.0000,-6.4105E+001
248.0000,-6.3138E+001
249.0000,-6.5466E+001
250.0000,-7.0624E+001
251.0000,-5.9454E+001
252.0000,-5.2723E+001
253.0000,-5.5273E+001
254.0000,-5.6120E+001
255.0000,-6.1655E+001
256.0000,-5.7195E+001
257.0000,-4.9075E+001
258.0000,-3.6654E+001
259.0000,-4.5851E+001
260.0000,-4.3020E+001
261.0000,-3.8893E+001
262.0000,-3.9311E+001
263.0000,-4.5802E+001
264.0000,-5.3650E+001
265.0000,-5.1544E+001
266.0000,-5.3965E+001
267.0000,-4.9218E+001
268.0000,-6.0751E+001
269.0000,-5.4068E+001
270.0000,-5.2742E+001
271.0000,-8.0224E+001
272.0000,-4.4278E+001
273.0000,-7.0386E+001
274.0000,-6.8216E+001
275.0000,-6.5669E+001
276.0000,-7.5636E+001
277.0000,-5.5219E+001
278.0000,-4.4179E+001
279.0000,-3.7312E+001
280.0000,-3.8365E+001
281.0000,-5.4496E+001
282.0000,-4.8524E+001
283.0000,-4.3861E+001
284.0000,-6.3502E+001
285.0000,-5.8592E+001
286.0000,-4.3515E+001
287.0000,-3.8273E+001
288.0000,-3.4215E+001
289.0000,-4.9763E+001
290.0000,-4.8534E+001
291.0000,-3.1641E+001
292.0000,-4.2970E+001
293.0000,-4.3837E+001
294.0000,-4.9330E+001
295.0000,-4.2636E+001
296.0000,-5.7172E+001
297.0000,-4.5234E+001
298.0000,-4.3904E+001
299.0000,-4.2767E+001
300.0000,-4.4938E+001
301.0000,-5.6964E+001
302.0000,-6.0845E+001
303.0000,-4.7855E+001
304.0000,-5.4844E+001
305.0000,-4.6806E+001
306.0000,-4.3755E+001
307.0000,-4.5072E+001
308.0000,-3.8534E+001
309.0000,-4.4875E+001
310.0000,-3.2778E+001
311.0000,-4.2767E+001
312.0000,-5.5279E+001
313.0000,-5.9863E+001
314.0000,-6.1652E+001
315.0000,-5.4640E+001
316.0000,-5.4422E+001
317.0000,-2.8325E+001
318.0000,-3.7514E+001
319.0000,-3.5634E+001
320.0000,-3.6810E+001
321.0000,-3.7951E+001
322.0000,-3.6359E+001
323.0000,-5.2133E+001
324.0000,-5.2854E+001
325.0000,-4.7842E+001
326.0000,-5.3790E+001
327.0000,-6.6157E+001
328.0000,-4.6951E+001
329.0000,-3.5316E+001
330.0000,-3.6158E+001
331.0000,-4.2110E+001
332.0000,-3.3908E+001
333.0000,-3.3415E+001
334.0000,-3.4000E+001
335.0000,-3.2303E+001
336.0000,-3.6063E+001
337.0000,-2.4960E+001
338.0000,-2.5831E+001
339.0000,-3.2377E+001
340.0000,-2.1469E+001
341.0000,-3.1802E+001
342.0000,-4.2259E+001
343.0000,-6.4036E+001
344.0000,-3.6766E+001
345.0000,-4.7706E+001
346.0000,-4.0811E+001
347.0000,-4.7859E+001
348.0000,-5.6318E+001
349.0000,-5.2873E+001
350.0000,-6.1839E+001
351.0000,-6.1611E+001
352.0000,-4.8416E+001
353.0000,-4.3003E+001
354.0000,-3.8178E+001
355.0000,-5.9727E+001
356.0000,-4.4730E+001
357.0000,-3.4355E+001
358.0000,-2.4094E+001
359.0000,-6.0989E+001
360.0000,-3.6152E+001
361.0000,-3.5001E+001
362.0000,-5.1876E+001
363.0000,-3.0267E+001
364.0000,-4.2335E+001
365.0000,-5.0604E+001
366.0000,-4.7263E+001
367.0000,-7.1098E+001
368.0000,-6.8122E+001
369.0000,-5.8740E+001
370.0000,-5.5228E+001
371.0000,-5.1479E+001
372.0000,-4.0593E+001
373.0000,-4.5001E+001
374.0000,-6.5663E+001
375.0000,-7.0893E+001
376.0000,-6.0729E+001
377.0000,-5.6071E+001
378.0000,-5.4251E+001
379.0000,-6.1000E+001
380.0000,-5.4759E+001
381.0000,-5.4700E+001
382.0000,-5.2242E+001
383.0000,-3.7786E+001
384.0000,-4.7687E+001
385.0000,-5.1682E+001
386.0000,-3.7315E+001
387.0000,-3.8616E+001
388.0000,-3.8960E+001
389.0000,-4.7508E+001
390.0000,-4.9866E+001
391.0000,-4.0357E+001
392.0000,-3.1152E+001
393.0000,-3.8501E+001
394.0000,-4.2988E+001
395.0000,-3.5648E+001
396.0000,-3.4311E+001
397.0000,-2.9126E+001
398.0000,-2.7358E+001
399.0000,-3.6391E+001
400.0000,-3.9563E+001
401.0000,-4.4925E+001
402.0000,-3.6422E+001
403.0000,-3.3185E+001
404.0000,-3.5528E+001
405.0000,-2.7961E+001
406.0000,-2.0370E+001
407.0000,-2.2684E+001
408.0000,-3.8120E+001
409.0000,-3.5408E+001
410.0000,-3.4736E+001
411.0000,-3.2200E+001
412.0000,-3.0061E+001
413.0000,-2.5800E+001
414.0000,-4.1024E+001
415.0000,-4.3930E+001
416.0000,-3.2908E+001
417.0000,-2.1075E+001
418.0000,-2.4810E+001
419.0000,-3.8324E+001
420.0000,-3.9295E+001
421.0000,-2.7946E+001
422.0000,-2.1176E+001
423.0000,-1.8251E+001
424.0000,-1.9066E+001
425.0000,-2.5015E+001
426.0000,-3.8102E+001
427.0000,-3.2705E+001
428.0000,-4.5380E+001
429.0000,-4.4070E+001
430.0000,-3.9627E+001
431.0000,-2.6617E+001
432.0000,-1.7458E+001
433.0000,-1.1113E+001
434.0000,-1.9642E+001
435.0000,-2.8139E+001
436.0000,-2.2804E+001
437.0000,-1.9951E+001
438.0000,-1.3018E+001
439.0000,-1.8930E+001
440.0000,-3.2940E+001
441.0000,-3.3265E+001
442.0000,-3.7703E+001
443.0000,-3.4034E+001
444.0000,-2.4303E+001
445.0000,-2.4213E+001
446.0000,-2.8547E+001
447.0000,-3.0151E+001
448.0000,-2.2905E+001
449.0000,-3.5985E+001
450.0000,-3.1910E+001
451.0000,-2.7479E+001
452.0000,-1.5069E+001
453.0000,-1.7203E+001
454.0000,-1.5452E+001
455.0000,-1.7719E+001
456.0000,-1.3522E+001
457.0000,-1.5242E+001
458.0000,-1.1035E+001
459.0000,-1.8336E+001
460.0000,-1.6716E+001
461.0000,-1.6057E+001
462.0000,-1.6751E+001
463.0000,-1.3805E+001
464.0000,-1.8601E+001
465.0000,-2.9775E+001
466.0000,-3.0239E+001
467.0000,-3.5027E+001
468.0000,-3.5717E+001
469.0000,-3.5171E+001
470.0000,-1.7678E+001
471.0000,-1.2403E+001
472.0000,-1.8323E+001
473.0000,-1.9520E+001
474.0000,-1.6586E+001
475.0000,-2.0433E+001
476.0000,-2.1333E+001
477.0000,-1.6256E+001
478.0000,-1.8569E+001
479.0000,-2.3939E+001
480.0000,-2.2954E+001
481.0000,-2.3769E+001
482.0000,-2.2084E+001
483.0000,-1.6248E+001
484.0000,-1.3458E+001
485.0000,-1.7222E+001
486.0000,-7.4170E+000
487.0000,-5.9108E+000
488.0000,-1.4036E+001
489.0000,-1.2700E+001
490.0000,-9.7072E+000
491.0000,-2.6245E+001
492.0000,-1.8926E+001
493.0000,-1.5434E+001
494.0000,-1.4183E+001
495.0000,-2.0386E+001
496.0000,-1.8654E+001
497.0000,-1.9241E+001
498.0000,-2.6789E+001
499.0000,-1.5144E+001
500.0000,-1.2506E+001
501.0000,-1.4341E+001
502.0000,-1.6808E+001
503.0000,-1.4138E+001
504.0000,-1.5674E+001
505.0000,-1.9459E+001
506.0000,-2.0071E+001
507.0000,-3.7853E+001
508.0000,-2.8409E+001
509.0000,-2.9974E+001
510.0000,-4.4792E+001
511.0000,-5.4827E+001
512.0000,-4.3369E+001
513.0000,-3.5189E+001
514.0000,-3.3534E+001
515.0000,-4.2132E+001
516.0000,-4.2336E+001
517.0000,-4.5855E+001
518.0000,-3.8401E+001
519.0000,-2.8606E+001
520.0000,-2.9787E+001
521.0000,-2.8830E+001
522.0000,-3.9846E+001
523.0000,-4.9214E+001
524.0000,-4.0060E+001
525.0000,-3.1271E+001
526.0000,-3.2329E+001
527.0000,-2.6329E+001
528.0000,-2.2922E+001
529.0000,-2.2203E+001
530.0000,-2.7520E+001
531.0000,-3.5645E+001
532.0000,-4.1049E+001
533.0000,-4.8128E+001
534.0000,-4.9432E+001
535.0000,-4.9466E+001
536.0000,-4.1956E+001
537.0000,-3.9601E+001
538.0000,-3.1066E+001
539.0000,-2.9120E+001
540.0000,-2.9808E+001
541.0000,-3.0957E+001
542.0000,-2.9461E+001
543.0000,-3.4801E+001
544.0000,-4.4097E+001
545.0000,-4.1841E+001
546.0000,-2.9607E+001
547.0000,-4.6116E+001
548.0000,-5.9690E+001
549.0000,-6.1219E+001
550.0000,-4.9343E+001
551.0000,-4.7120E+001
552.0000,-4.9154E+001
553.0000,-5.9346E+001
554.0000,-5.1137E+001
555.0000,-4.2180E+001
556.0000,-3.9647E+001
557.0000,-3.5838E+001
558.0000,-3.8069E+001
559.0000,-3.7806E+001
560.0000,-5.3322E+001
561.0000,-7.1445E+001
562.0000,-9.4237E+001
563.0000,-7.5499E+001
564.0000,-5.3320E+001
565.0000,-5.3430E+001
566.0000,-5.5129E+001
567.0000,-5.9344E+001
568.0000,-5.8025E+001
569.0000,-6.5882E+001
570.0000,-6.1665E+001
571.0000,-6.1907E+001
572.0000,-5.1361E+001
573.0000,-4.2564E+001
574.0000,-6.0580E+001
575.0000,-8.1224E+001
576.0000,-6.4869E+001
577.0000,-6.4107E+001
578.0000,-6.1627E+001
579.0000,-5.9836E+001
580.0000,-4.7205E+001
581.0000,-5.1987E+001
582.0000,-4.2991E+001
583.0000,-3.5623E+001
584.0000,-3.8110E+001
585.0000,-5.2314E+001
586.0000,-5.8655E+001
587.0000,-8.7283E+001
588.0000,-7.9960E+001
589.0000,-5.4785E+001
590.0000,-5.8202E+001
591.0000,-6.1127E+001
592.0000,-5.8703E+001
593.0000,-6.1166E+001
594.0000,-6.0687E+001
595.0000,-4.8762E+001
596.0000,-4.7908E+001
597.0000,-5.4820E+001
598.0000,-6.1269E+001
599.0000,-7.3962E+001
600.0000,-8.0615E+001
601.0000,-6.1376E+001
602.0000,-4.3776E+001
603.0000,-7.2243E+001
604.0000,-7.2280E+001
605.0000,-6.7741E+001
606.0000,-5.8668E+001
607.0000,-4.8368E+001
608.0000,-4.8491E+001
609.0000,-5.7418E+001
610.0000,-4.5822E+001
611.0000,-4.2657E+001
612.0000,-3.7909E+001
613.0000,-4.2019E+001
614.0000,-5.3400E+001
615.0000,-7.6038E+001
616.0000,-6.0355E+001
617.0000,-4.8319E+001
618.0000,-6.4276E+001
619.0000,-5.9561E+001
620.0000,-4.9245E+001
621.0000,-5.2504E+001
622.0000,-3.2027E+001
623.0000,-4.4491E+001
624.0000,-5.4163E+001
625.0000,-5.6442E+001
626.0000,-5.4548E+001
627.0000,-3.9362E+001
628.0000,-4.3299E+001
629.0000,-3.7012E+001
630.0000,-5.6460E+001
631.0000,-5.2463E+001
632.0000,-6.5708E+001
633.0000,-4.1848E+001
634.0000,-4.1244E+001
635.0000,-4.9103E+001
636.0000,-8.2113E+001
637.0000,-5.8579E+001
638.0000,-7.2307E+001
639.0000,-5.2175E+001
640.0000,-5.3016E+001
641.0000,-4.7731E+001
642.0000,-2.2440E+001
643.0000,-3.2093E+001
644.0000,-2.6151E+001
645.0000,-4.4664E+001
646.0000,-4.3932E+001
647.0000,-3.8215E+001
648.0000,-4.2684E+001
649.0000,-4.1808E+001
650.0000,-4.3595E+001
651.0000,-4.5097E+001
652.0000,-5.5838E+001
653.0000,-3.5751E+001
654.0000,-3.2507E+001
655.0000,-3.3940E+001
656.0000,-3.5910E+001
657.0000,-3.9346E+001
658.0000,-3.5530E+001
659.0000,-2.6492E+001
660.0000,-2.7316E+001
661.0000,-2.8665E+001
662.0000,-3.0181E+001
663.0000,-3.6462E+001
664.0000,-2.7952E+001
665.0000,-3.0710E+001
666.0000,-3.6975E+001
667.0000,-3.5410E+001
668.0000,-3.5424E+001
669.0000,-4.1214E+001
670.0000,-4.5512E+001
671.0000,-4.7507E+001
672.0000,-4.6223E+001
673.0000,-6.7436E+001
674.0000,-6.6312E+001
675.0000,-4.3044E+001
676.0000,-2.7621E+001
677.0000,-3.0796E+001
678.0000,-3.9952E+001
679.0000,-3.5532E+001
680.0000,-3.9861E+001
681.0000,-3.5936E+001
682.0000,-2.9310E+001
683.0000,-2.6769E+001
684.0000,-3.3429E+001
685.0000,-5.8246E+001
686.0000,-4.7283E+001
687.0000,-5.3458E+001
688.0000,-3.0084E+001
689.0000,-5.3256E+001
690.0000,-6.1845E+001
691.0000,-6.6437E+001
692.0000,-5.5837E+001
693.0000,-6.0479E+001
694.0000,-5.7330E+001
695.0000,-3.7795E+001
696.0000,-4.9305E+001
697.0000,-4.6789E+001
698.0000,-3.9546E+001
699.0000,-4.8316E+001
700.0000,-4.3417E+001
701.0000,-4.4926E+001
702.0000,-4.3861E+001
703.0000,-4.8374E+001
704.0000,-5.2058E+001
705.0000,-3.1517E+001
706.0000,-4.7829E+001
707.0000,-3.4510E+001
708.0000,-4.1708E+001
709.0000,-5.2538E+001
710.0000,-5.3844E+001
711.0000,-4.4173E+001
712.0000,-6.6666E+001
713.0000,-6.6791E+001
714.0000,-8.1943E+001
715.0000,-7.6565E+001
716.0000,-5.5034E+001
717.0000,-5.0252E+001
718.0000,-5.6741E+001
719.0000,-5.2470E+001
720.0000,-4.8486E+001
721.0000,-3.2771E+001
722.0000,-3.0649E+001
723.0000,-3.9519E+001
724.0000,-3.9938E+001
725.0000,-4.5937E+001
726.0000,-3.6415E+001
727.0000,-4.2957E+001
728.0000,-3.9152E+001
729.0000,-2.5756E+001
730.0000,-3.1401E+001
731.0000,-5.0800E+001
