"",77.700
30.0000,0.0000E+000
31.0000,-3.2180E+002
32.0000,-3.2258E+002
33.0000,-3.2195E+002
34.0000,-3.2146E+002
35.0000,-3.2102E+002
36.0000,-3.2078E+002
37.0000,-3.2056E+002
38.0000,-3.2039E+002
39.0000,-3.2017E+002
40.0000,-3.1979E+002
41.0000,-3.1953E+002
42.0000,-3.1914E+002
43.0000,-3.1885E+002
44.0000,-3.1842E+002
45.0000,-3.1811E+002
46.0000,-3.1792E+002
47.0000,-3.1814E+002
48.0000,-3.1831E+002
49.0000,-3.1825E+002
50.0000,-3.1770E+002
51.0000,-3.1725E+002
52.0000,-3.1697E+002
53.0000,-3.1673E+002
54.0000,-3.1674E+002
55.0000,-3.1697E+002
56.0000,-3.1713E+002
57.0000,-3.1716E+002
58.0000,-3.1715E+002
59.0000,-3.1720E+002
60.0000,-3.1725E+002
61.0000,-3.1736E+002
62.0000,-3.1762E+002
63.0000,-3.1764E+002
64.0000,-3.1768E+002
65.0000,-3.1785E+002
66.0000,-3.1809E+002
67.0000,-3.1826E+002
68.0000,-3.1857E+002
69.0000,-3.1894E+002
70.0000,-3.1927E+002
71.0000,-3.1965E+002
72.0000,-3.2017E+002
73.0000,-3.2002E+002
74.0000,-3.1977E+002
75.0000,-3.1976E+002
76.0000,-3.2000E+002
77.0000,-3.2029E+002
78.0000,-3.2065E+002
79.0000,-3.2105E+002
80.0000,-3.2144E+002
81.0000,-3.2258E+002
82.0000,-3.2245E+002
83.0000,-3.2294E+002
84.0000,-3.2348E+002
85.0000,-3.2394E+002
86.0000,-3.2661E+002
87.0000,-3.2478E+002
88.0000,-3.2512E+002
89.0000,-3.2584E+002
90.0000,-3.2636E+002
91.0000,-3.2676E+002
92.0000,-3.2694E+002
93.0000,-3.2712E+002
94.0000,-3.2739E+002
95.0000,-3.2774E+002
96.0000,-3.2828E+002
97.0000,-3.2886E+002
98.0000,-3.2967E+002
99.0000,-3.3034E+002
100.0000,-3.3060E+002
101.0000,-3.3072E+002
102.0000,-3.3128E+002
103.0000,-3.3207E+002
104.0000,-3.3317E+002
105.0000,-3.3420E+002
106.0000,-3.3462E+002
107.0000,-3.3474E+002
108.0000,-3.3527E+002
109.0000,-3.3608E+002
110.0000,-3.3698E+002
111.0000,-3.3837E+002
112.0000,-3.3871E+002
113.0000,-3.3899E+002
114.0000,-3.3927E+002
115.0000,-3.3953E+002
116.0000,-3.4058E+002
117.0000,-3.4267E+002
118.0000,-3.4435E+002
119.0000,-3.4588E+002
120.0000,-3.4750E+002
121.0000,-3.4959E+002
122.0000,-3.5086E+002
123.0000,-3.5100E+002
124.0000,-3.5159E+002
125.0000,-3.5328E+002
126.0000,-3.5490E+002
127.0000,-3.5389E+002
128.0000,-3.5531E+002
129.0000,-3.5625E+002
130.0000,-3.5405E+002
131.0000,-3.5760E+002
132.0000,-3.5817E+002
133.0000,-3.5795E+002
134.0000,-3.5805E+002
135.0000,-3.6020E+002
136.0000,-3.6171E+002
137.0000,-3.6371E+002
138.0000,-3.6548E+002
139.0000,-3.6651E+002
140.0000,-3.6747E+002
141.0000,-3.6948E+002
142.0000,-3.7201E+002
143.0000,-3.7576E+002
144.0000,-3.8023E+002
145.0000,-3.8437E+002
146.0000,-3.8631E+002
147.0000,-3.8570E+002
148.0000,-3.8539E+002
149.0000,-3.8615E+002
150.0000,-3.8515E+002
151.0000,-3.8456E+002
152.0000,-3.8633E+002
153.0000,-3.8699E+002
154.0000,-3.9107E+002
155.0000,-3.8927E+002
156.0000,-3.8930E+002
157.0000,-3.9233E+002
158.0000,-3.9483E+002
159.0000,-3.9539E+002
160.0000,-3.9418E+002
161.0000,-3.9270E+002
162.0000,-3.9174E+002
163.0000,-3.9061E+002
164.0000,-3.8853E+002
165.0000,-3.9227E+002
166.0000,-3.9392E+002
167.0000,-3.9465E+002
168.0000,-3.9532E+002
169.0000,-3.9357E+002
170.0000,-3.9255E+002
171.0000,-3.9353E+002
172.0000,-3.9455E+002
173.0000,-3.9464E+002
174.0000,-3.9355E+002
175.0000,-3.9250E+002
176.0000,-3.9260E+002
177.0000,-3.9571E+002
178.0000,-3.9781E+002
179.0000,-4.0005E+002
180.0000,-4.0000E+002
181.0000,-3.9832E+002
182.0000,-3.9720E+002
183.0000,-3.9718E+002
184.0000,-3.9744E+002
185.0000,-3.9644E+002
186.0000,-3.9709E+002
187.0000,-3.9959E+002
188.0000,-3.9974E+002
189.0000,-3.9413E+002
190.0000,-3.9456E+002
191.0000,-3.9807E+002
192.0000,-4.0138E+002
193.0000,-4.0341E+002
194.0000,-4.0425E+002
195.0000,-4.0467E+002
196.0000,-4.0377E+002
197.0000,-4.0222E+002
198.0000,-4.0320E+002
199.0000,-4.0591E+002
200.0000,-4.0782E+002
201.0000,-4.0940E+002
202.0000,-4.1085E+002
203.0000,-4.1209E+002
204.0000,-4.1279E+002
205.0000,-4.1282E+002
206.0000,-4.1414E+002
207.0000,-4.1675E+002
208.0000,-4.1946E+002
209.0000,-4.2082E+002
210.0000,-4.1993E+002
211.0000,-4.1875E+002
212.0000,-4.1796E+002
213.0000,-4.1801E+002
214.0000,-4.1843E+002
215.0000,-4.1740E+002
216.0000,-4.1705E+002
217.0000,-4.1775E+002
218.0000,-4.1740E+002
219.0000,-4.1557E+002
220.0000,-4.1084E+002
221.0000,-4.0854E+002
222.0000,-4.0553E+002
223.0000,-4.0210E+002
224.0000,-4.0899E+002
225.0000,-4.0924E+002
226.0000,-4.0652E+002
227.0000,-4.0789E+002
228.0000,-4.0654E+002
229.0000,-4.0850E+002
230.0000,-4.0994E+002
231.0000,-4.1116E+002
232.0000,-4.1212E+002
233.0000,-4.1227E+002
234.0000,-4.1139E+002
235.0000,-4.1229E+002
236.0000,-4.1312E+002
237.0000,-4.1322E+002
238.0000,-4.1402E+002
239.0000,-4.1504E+002
240.0000,-4.1470E+002
241.0000,-4.1334E+002
242.0000,-4.1547E+002
243.0000,-4.1768E+002
244.0000,-4.1812E+002
245.0000,-4.1731E+002
246.0000,-4.1499E+002
247.0000,-4.1300E+002
248.0000,-4.1259E+002
249.0000,-4.0873E+002
250.0000,-4.0906E+002
251.0000,-4.0593E+002
252.0000,-4.0463E+002
253.0000,-4.0401E+002
254.0000,-3.9703E+002
255.0000,-3.9876E+002
256.0000,-4.0258E+002
257.0000,-4.0218E+002
258.0000,-3.9432E+002
259.0000,-4.0169E+002
260.0000,-4.0021E+002
261.0000,-3.9837E+002
262.0000,-3.9923E+002
263.0000,-3.9984E+002
264.0000,-4.0592E+002
265.0000,-4.0637E+002
266.0000,-3.9541E+002
267.0000,-3.9495E+002
268.0000,-3.9713E+002
269.0000,-3.9551E+002
270.0000,-3.8999E+002
271.0000,-3.9905E+002
272.0000,-3.7887E+002
273.0000,-3.9491E+002
274.0000,-3.9218E+002
275.0000,-3.9142E+002
276.0000,-3.9681E+002
277.0000,-3.9169E+002
278.0000,-3.8649E+002
279.0000,-3.8354E+002
280.0000,-3.8373E+002
281.0000,-3.9010E+002
282.0000,-3.7985E+002
283.0000,-3.7351E+002
284.0000,-3.8322E+002
285.0000,-3.8327E+002
286.0000,-3.7361E+002
287.0000,-3.8055E+002
288.0000,-3.8181E+002
289.0000,-3.8300E+002
290.0000,-3.8368E+002
291.0000,-3.7345E+002
292.0000,-3.7716E+002
293.0000,-3.7556E+002
294.0000,-3.7986E+002
295.0000,-3.7346E+002
296.0000,-3.8087E+002
297.0000,-3.8021E+002
298.0000,-3.8030E+002
299.0000,-3.7241E+002
300.0000,-3.6606E+002
301.0000,-3.7700E+002
302.0000,-3.7613E+002
303.0000,-3.6287E+002
304.0000,-3.6522E+002
305.0000,-3.6002E+002
306.0000,-3.6479E+002
307.0000,-3.6937E+002
308.0000,-3.6113E+002
309.0000,-3.6374E+002
310.0000,-3.5411E+002
311.0000,-3.6105E+002
312.0000,-3.6180E+002
313.0000,-3.5792E+002
314.0000,-3.5629E+002
315.0000,-3.5647E+002
316.0000,-3.6176E+002
317.0000,-3.4184E+002
318.0000,-3.5042E+002
319.0000,-3.4820E+002
320.0000,-3.4872E+002
321.0000,-3.4824E+002
322.0000,-3.3905E+002
323.0000,-3.5140E+002
324.0000,-3.5805E+002
325.0000,-3.5521E+002
326.0000,-3.5261E+002
327.0000,-3.5995E+002
328.0000,-3.5422E+002
329.0000,-3.5645E+002
330.0000,-3.5797E+002
331.0000,-3.5756E+002
332.0000,-3.4824E+002
333.0000,-3.4940E+002
334.0000,-3.5124E+002
335.0000,-3.4776E+002
336.0000,-3.4919E+002
337.0000,-3.3814E+002
338.0000,-3.4292E+002
339.0000,-3.4093E+002
340.0000,-3.3636E+002
341.0000,-3.4325E+002
342.0000,-3.3906E+002
343.0000,-3.5250E+002
344.0000,-3.4619E+002
345.0000,-3.4262E+002
346.0000,-3.3215E+002
347.0000,-3.3453E+002
348.0000,-3.3977E+002
349.0000,-3.4201E+002
350.0000,-3.4623E+002
351.0000,-3.4956E+002
352.0000,-3.4106E+002
353.0000,-3.3112E+002
354.0000,-3.2373E+002
355.0000,-3.4379E+002
356.0000,-3.4057E+002
357.0000,-3.3362E+002
358.0000,-3.2531E+002
359.0000,-3.4224E+002
360.0000,-3.2919E+002
361.0000,-3.2745E+002
362.0000,-3.3639E+002
363.0000,-3.2289E+002
364.0000,-3.2997E+002
365.0000,-3.3424E+002
366.0000,-3.2437E+002
367.0000,-3.3968E+002
368.0000,-3.3097E+002
369.0000,-3.3283E+002
370.0000,-3.3324E+002
371.0000,-3.3693E+002
372.0000,-3.3763E+002
373.0000,-3.4104E+002
374.0000,-3.4037E+002
375.0000,-3.3952E+002
376.0000,-3.3869E+002
377.0000,-3.3796E+002
378.0000,-3.3732E+002
379.0000,-3.3672E+002
380.0000,-3.3614E+002
381.0000,-3.3561E+002
382.0000,-3.3513E+002
383.0000,-3.3470E+002
384.0000,-3.3422E+002
385.0000,-3.3368E+002
386.0000,-3.3322E+002
387.0000,-3.3277E+002
388.0000,-3.3229E+002
389.0000,-3.3181E+002
390.0000,-3.3140E+002
391.0000,-3.3107E+002
392.0000,-3.3080E+002
393.0000,-3.3048E+002
394.0000,-3.3013E+002
395.0000,-3.2980E+002
396.0000,-3.2950E+002
397.0000,-3.2925E+002
398.0000,-3.2899E+002
399.0000,-3.2868E+002
400.0000,-3.2835E+002
401.0000,-3.2803E+002
402.0000,-3.2778E+002
403.0000,-3.2756E+002
404.0000,-3.2734E+002
405.0000,-3.2722E+002
406.0000,-3.2719E+002
407.0000,-3.2710E+002
408.0000,-3.2691E+002
409.0000,-3.2674E+002
410.0000,-3.2657E+002
411.0000,-3.2642E+002
412.0000,-3.2632E+002
413.0000,-3.2622E+002
414.0000,-3.2598E+002
415.0000,-3.2567E+002
416.0000,-3.2547E+002
417.0000,-3.2537E+002
418.0000,-3.2521E+002
419.0000,-3.2502E+002
420.0000,-3.2484E+002
421.0000,-3.2477E+002
422.0000,-3.2476E+002
423.0000,-3.2475E+002
424.0000,-3.2470E+002
425.0000,-3.2464E+002
426.0000,-3.2453E+002
427.0000,-3.2404E+002
428.0000,-3.2380E+002
429.0000,-3.2361E+002
430.0000,-3.2358E+002
431.0000,-3.2376E+002
432.0000,-3.2401E+002
433.0000,-3.2447E+002
434.0000,-3.2452E+002
435.0000,-3.2454E+002
436.0000,-3.2470E+002
437.0000,-3.2497E+002
438.0000,-3.2508E+002
439.0000,-3.2520E+002
440.0000,-3.2506E+002
441.0000,-3.2475E+002
442.0000,-3.2485E+002
443.0000,-3.2504E+002
444.0000,-3.2534E+002
445.0000,-3.2554E+002
446.0000,-3.2571E+002
447.0000,-3.2601E+002
448.0000,-3.2611E+002
449.0000,-3.2618E+002
450.0000,-3.2639E+002
451.0000,-3.2670E+002
452.0000,-3.2696E+002
453.0000,-3.2730E+002
454.0000,-3.2752E+002
455.0000,-3.2786E+002
456.0000,-3.2845E+002
457.0000,-3.2904E+002
458.0000,-3.2941E+002
459.0000,-3.2964E+002
460.0000,-3.3020E+002
461.0000,-3.3111E+002
462.0000,-3.3151E+002
463.0000,-3.3149E+002
464.0000,-3.3164E+002
465.0000,-3.3181E+002
466.0000,-3.3201E+002
467.0000,-3.3178E+002
468.0000,-3.3140E+002
469.0000,-3.3172E+002
470.0000,-3.3208E+002
471.0000,-3.3255E+002
472.0000,-3.3300E+002
473.0000,-3.3304E+002
474.0000,-3.3340E+002
475.0000,-3.3414E+002
476.0000,-3.3479E+002
477.0000,-3.3531E+002
478.0000,-3.3522E+002
479.0000,-3.3541E+002
480.0000,-3.3551E+002
481.0000,-3.3547E+002
482.0000,-3.3616E+002
483.0000,-3.3749E+002
484.0000,-3.3888E+002
485.0000,-3.3944E+002
486.0000,-3.3996E+002
487.0000,-3.4138E+002
488.0000,-3.4280E+002
489.0000,-3.4439E+002
490.0000,-3.4541E+002
491.0000,-3.4513E+002
492.0000,-3.4456E+002
493.0000,-3.4502E+002
494.0000,-3.4659E+002
495.0000,-3.4768E+002
496.0000,-3.4855E+002
497.0000,-3.5009E+002
498.0000,-3.5138E+002
499.0000,-3.5298E+002
500.0000,-3.5621E+002
501.0000,-3.5906E+002
502.0000,-3.6133E+002
503.0000,-3.6434E+002
504.0000,-3.6761E+002
505.0000,-3.7090E+002
506.0000,-3.7393E+002
507.0000,-3.7602E+002
508.0000,-3.7629E+002
509.0000,-3.7748E+002
510.0000,-3.7721E+002
511.0000,-3.7464E+002
512.0000,-3.7301E+002
513.0000,-3.7344E+002
514.0000,-3.7193E+002
515.0000,-3.7245E+002
516.0000,-3.7602E+002
517.0000,-3.7706E+002
518.0000,-3.7742E+002
519.0000,-3.7874E+002
520.0000,-3.8167E+002
521.0000,-3.8403E+002
522.0000,-3.8517E+002
523.0000,-3.8359E+002
524.0000,-3.8144E+002
525.0000,-3.8070E+002
526.0000,-3.8182E+002
527.0000,-3.8176E+002
528.0000,-3.8474E+002
529.0000,-3.8824E+002
530.0000,-3.9089E+002
531.0000,-3.9108E+002
532.0000,-3.9209E+002
533.0000,-3.9279E+002
534.0000,-3.9168E+002
535.0000,-3.8984E+002
536.0000,-3.8820E+002
537.0000,-3.8773E+002
538.0000,-3.8756E+002
539.0000,-3.8920E+002
540.0000,-3.9076E+002
541.0000,-3.9253E+002
542.0000,-3.9455E+002
543.0000,-3.9735E+002
544.0000,-3.9632E+002
545.0000,-3.9932E+002
546.0000,-4.0202E+002
547.0000,-4.0394E+002
548.0000,-4.0470E+002
549.0000,-4.0387E+002
550.0000,-4.0326E+002
551.0000,-4.0303E+002
552.0000,-4.0315E+002
553.0000,-4.0469E+002
554.0000,-4.0216E+002
555.0000,-3.9966E+002
556.0000,-4.0386E+002
557.0000,-4.0649E+002
558.0000,-4.0939E+002
559.0000,-4.1198E+002
560.0000,-4.1358E+002
561.0000,-4.1375E+002
562.0000,-4.1125E+002
563.0000,-4.0966E+002
564.0000,-4.0878E+002
565.0000,-4.1001E+002
566.0000,-4.1074E+002
567.0000,-4.1119E+002
568.0000,-4.1140E+002
569.0000,-4.1092E+002
570.0000,-4.1004E+002
571.0000,-4.0844E+002
572.0000,-4.0637E+002
573.0000,-4.0625E+002
574.0000,-4.0765E+002
575.0000,-4.0515E+002
576.0000,-4.0336E+002
577.0000,-4.0628E+002
578.0000,-4.0721E+002
579.0000,-4.0663E+002
580.0000,-4.0125E+002
581.0000,-4.0306E+002
582.0000,-4.0430E+002
583.0000,-4.0511E+002
584.0000,-4.0483E+002
585.0000,-4.0988E+002
586.0000,-4.0484E+002
587.0000,-4.0135E+002
588.0000,-4.0391E+002
589.0000,-4.0381E+002
590.0000,-4.0414E+002
591.0000,-4.0610E+002
592.0000,-4.0659E+002
593.0000,-4.0694E+002
594.0000,-4.0711E+002
595.0000,-4.0688E+002
596.0000,-4.0904E+002
597.0000,-4.0980E+002
598.0000,-4.0734E+002
599.0000,-4.0329E+002
600.0000,-4.0444E+002
601.0000,-3.9948E+002
602.0000,-3.9989E+002
603.0000,-4.0628E+002
604.0000,-4.0430E+002
605.0000,-4.0000E+002
606.0000,-4.0327E+002
607.0000,-4.0191E+002
608.0000,-3.9942E+002
609.0000,-4.0241E+002
610.0000,-3.9549E+002
611.0000,-3.9779E+002
612.0000,-3.9919E+002
613.0000,-4.0329E+002
614.0000,-4.0047E+002
615.0000,-4.0450E+002
616.0000,-3.9677E+002
617.0000,-3.9709E+002
618.0000,-3.9884E+002
619.0000,-3.9910E+002
620.0000,-3.9832E+002
621.0000,-3.9593E+002
622.0000,-3.9178E+002
623.0000,-3.9290E+002
624.0000,-3.9009E+002
625.0000,-3.8594E+002
626.0000,-3.8956E+002
627.0000,-3.8494E+002
628.0000,-3.8750E+002
629.0000,-3.8595E+002
630.0000,-3.9167E+002
631.0000,-3.8642E+002
632.0000,-3.8724E+002
633.0000,-3.7961E+002
634.0000,-3.8223E+002
635.0000,-3.8059E+002
636.0000,-3.8655E+002
637.0000,-3.6396E+002
638.0000,-3.7428E+002
639.0000,-3.7957E+002
640.0000,-3.8094E+002
641.0000,-3.8235E+002
642.0000,-3.7040E+002
643.0000,-3.8101E+002
644.0000,-3.7329E+002
645.0000,-3.8155E+002
646.0000,-3.7898E+002
647.0000,-3.7907E+002
648.0000,-3.8294E+002
649.0000,-3.8212E+002
650.0000,-3.8094E+002
651.0000,-3.8034E+002
652.0000,-3.7800E+002
653.0000,-3.7619E+002
654.0000,-3.7749E+002
655.0000,-3.7872E+002
656.0000,-3.7678E+002
657.0000,-3.7773E+002
658.0000,-3.7507E+002
659.0000,-3.6967E+002
660.0000,-3.7238E+002
661.0000,-3.7074E+002
662.0000,-3.6942E+002
663.0000,-3.6913E+002
664.0000,-3.6512E+002
665.0000,-3.6326E+002
666.0000,-3.6943E+002
667.0000,-3.6373E+002
668.0000,-3.6943E+002
669.0000,-3.7232E+002
670.0000,-3.7042E+002
671.0000,-3.6839E+002
672.0000,-3.5590E+002
673.0000,-3.6243E+002
674.0000,-3.6737E+002
675.0000,-3.6535E+002
676.0000,-3.5550E+002
677.0000,-3.5907E+002
678.0000,-3.6640E+002
679.0000,-3.6432E+002
680.0000,-3.6624E+002
681.0000,-3.5991E+002
682.0000,-3.5824E+002
683.0000,-3.5270E+002
684.0000,-3.5795E+002
685.0000,-3.6430E+002
686.0000,-3.5560E+002
687.0000,-3.5564E+002
688.0000,-3.4432E+002
689.0000,-3.5297E+002
690.0000,-3.5630E+002
691.0000,-3.5361E+002
692.0000,-3.4770E+002
693.0000,-3.5766E+002
694.0000,-3.5857E+002
695.0000,-3.3803E+002
696.0000,-3.4264E+002
697.0000,-3.4720E+002
698.0000,-3.3715E+002
699.0000,-3.4966E+002
700.0000,-3.4568E+002
701.0000,-3.4541E+002
702.0000,-3.4065E+002
703.0000,-3.3144E+002
704.0000,-3.4394E+002
705.0000,-3.4053E+002
706.0000,-3.5176E+002
707.0000,-3.3557E+002
708.0000,-3.4210E+002
709.0000,-3.4948E+002
710.0000,-3.4255E+002
711.0000,-3.3570E+002
712.0000,-3.5052E+002
713.0000,-3.5236E+002
714.0000,-3.5161E+002
715.0000,-3.5077E+002
716.0000,-3.5013E+002
717.0000,-3.4960E+002
718.0000,-3.4902E+002
719.0000,-3.4845E+002
720.0000,-3.4797E+002
721.0000,-3.4757E+002
722.0000,-3.4720E+002
723.0000,-3.4676E+002
724.0000,-3.4634E+002
725.0000,-3.4592E+002
726.0000,-3.4552E+002
727.0000,-3.4511E+002
728.0000,-3.4472E+002
729.0000,-3.4442E+002
730.0000,-3.4410E+002
731.0000,-3.4368E+002
